case_id,act_name
1,s
1,p
1,a
1,w
1,z
1,s
1,i
1,j
1,b
1,ab
1,aa
1,o
1,i
1,z
1,r
1,b
1,aa
1,ab
1,o
1,c
1,g
1,ac
1,e
2,z
2,b
2,c
2,f
2,ad
2,c
2,g
2,ac
3,c
3,ad
3,f
3,c
3,g
3,k
3,l
3,d
3,m
3,y
3,c
3,g
3,ac
4,a
4,p
4,w
4,s
4,b
4,p
4,a
4,p
4,p
4,w
4,b
4,z
4,s
4,c
4,g
4,ac
4,e
5,a
5,af
5,q
5,c
5,ad
5,f
5,c
5,f
5,ad
5,c
5,g
5,ac
5,e
6,p
6,a
6,p
6,p
6,p
6,p
6,p
6,p
6,w
6,c
6,g
6,e
6,ac
7,s
7,i
7,j
7,aa
7,ab
7,x
7,j
7,i
7,z
7,ab
7,s
7,aa
7,x
7,s
7,b
7,z
7,q
7,a
7,c
7,f
7,ad
7,c
7,g
7,ac
7,e
8,p
8,w
8,a
8,c
8,ad
8,f
8,c
8,g
8,k
8,l
8,d
8,k
8,l
8,d
8,ae
8,v
8,c
8,ad
8,f
8,c
8,g
8,ac
9,c
9,ad
9,f
9,c
9,f
9,ad
9,c
9,f
9,ad
9,c
9,g
9,ac
9,e
10,p
10,a
10,p
10,p
10,p
10,p
10,w
10,r
10,z
10,b
10,s
10,i
10,aa
10,ab
10,o
10,s
10,z
10,a
10,p
10,w
10,c
10,g
10,ac
11,s
11,b
11,z
11,c
11,ad
11,f
11,c
11,f
11,ad
11,c
11,g
11,ac
12,c
12,g
12,e
13,a
13,p
13,p
13,w
13,c
13,ad
13,f
13,c
13,ad
13,f
13,c
13,g
13,ac
14,q
14,af
14,a
14,c
14,ad
14,f
14,c
14,ad
14,f
14,c
14,g
14,l
14,k
14,d
14,h
14,c
14,g
14,k
14,d
14,l
14,h
14,c
14,g
14,l
14,d
14,k
14,v
14,ae
14,c
14,g
14,e
14,ac
15,c
15,f
15,ad
15,c
15,g
15,k
15,d
15,l
15,d
15,l
15,k
15,ae
15,v
15,c
15,g
15,ac
16,af
16,a
16,c
16,g
16,k
16,l
16,d
16,k
16,d
16,l
16,m
16,y
16,c
16,ad
16,f
16,c
16,g
16,ac
16,e
17,c
17,ad
17,f
17,c
17,g
17,k
17,d
17,l
17,v
17,ae
17,c
17,ad
17,f
17,c
17,g
17,k
17,d
17,l
17,k
17,l
17,d
17,l
17,d
17,k
17,v
17,ae
17,c
17,g
17,k
17,d
17,l
17,l
17,d
17,k
17,d
17,k
17,l
17,l
17,k
17,d
17,d
17,k
17,l
17,m
17,y
17,c
17,g
17,e
17,ac
18,c
18,ad
18,f
18,c
18,f
18,ad
18,c
18,ad
18,f
18,c
18,g
18,l
18,k
18,d
18,l
18,d
18,k
18,k
18,l
18,d
18,v
18,ae
18,c
18,ad
18,f
18,c
18,g
18,e
18,ac
19,q
19,af
19,a
19,c
19,g
19,ac
19,e
20,c
20,ad
20,f
20,c
20,g
20,e
21,c
21,g
21,d
21,l
21,k
21,h
21,c
21,f
21,ad
21,c
21,f
21,ad
21,c
21,f
21,ad
21,c
21,g
21,e
22,aa
22,b
22,r
22,i
22,ab
22,n
22,u
22,i
22,ab
22,aa
22,n
22,u
22,aa
22,i
22,ab
22,x
22,a
22,p
22,w
22,i
22,z
22,r
22,ab
22,s
22,b
22,aa
22,o
22,c
22,g
22,e
23,a
23,af
23,q
23,c
23,g
23,e
24,c
24,g
24,e
24,ac
25,c
25,g
25,e
26,p
26,a
26,p
26,p
26,w
26,c
26,f
26,ad
26,c
26,f
26,ad
26,c
26,g
26,l
26,d
26,k
26,v
26,ae
26,c
26,g
26,d
26,l
26,k
26,v
26,ae
26,c
26,f
26,ad
26,c
26,ad
26,f
26,c
26,g
26,l
26,d
26,k
26,l
26,k
26,d
26,k
26,l
26,d
26,d
26,l
26,k
26,d
26,k
26,l
26,h
26,c
26,f
26,ad
26,c
26,g
26,ac
26,e
27,s
27,b
27,r
27,i
27,z
27,ab
27,aa
27,n
27,t
27,n
27,t
27,n
27,t
27,n
27,u
27,aa
27,i
27,ab
27,o
27,aa
27,j
27,s
27,z
27,b
27,i
27,ab
27,n
27,u
27,i
27,aa
27,ab
27,n
27,u
27,aa
27,i
27,ab
27,n
27,u
27,i
27,ab
27,aa
27,o
27,q
27,a
27,z
27,c
27,g
27,e
28,c
28,f
28,ad
28,c
28,ad
28,f
28,c
28,g
28,l
28,d
28,k
28,k
28,d
28,l
28,k
28,l
28,d
28,ae
28,v
28,c
28,g
28,d
28,l
28,k
28,m
28,y
28,c
28,f
28,ad
28,c
28,g
28,l
28,d
28,k
28,d
28,l
28,k
28,k
28,l
28,d
28,d
28,k
28,l
28,d
28,l
28,k
28,m
28,y
28,c
28,g
28,ac
28,e
29,b
29,s
29,a
29,q
29,s
29,b
29,z
29,r
29,s
29,i
29,aa
29,ab
29,o
29,c
29,g
29,e
29,ac
30,i
30,aa
30,s
30,ab
30,j
30,b
30,x
30,p
30,a
30,w
30,c
30,g
30,ac
31,a
31,q
31,c
31,g
31,ac
32,c
32,g
32,k
32,d
32,l
32,h
32,c
32,g
32,ac
32,e
33,af
33,a
33,c
33,g
33,d
33,l
33,k
33,k
33,l
33,d
33,v
33,ae
33,c
33,ad
33,f
33,c
33,f
33,ad
33,c
33,ad
33,f
33,c
33,ad
33,f
33,c
33,f
33,ad
33,c
33,g
33,e
33,ac
34,p
34,a
34,w
34,c
34,g
34,ac
34,e
35,z
35,s
35,b
35,q
35,af
35,a
35,c
35,f
35,ad
35,c
35,g
35,l
35,d
35,k
35,h
35,c
35,g
35,d
35,l
35,k
35,h
35,c
35,f
35,ad
35,c
35,f
35,ad
35,c
35,g
35,k
35,l
35,d
35,k
35,l
35,d
35,d
35,l
35,k
35,l
35,k
35,d
35,v
35,ae
35,c
35,g
35,d
35,l
35,k
35,l
35,d
35,k
35,l
35,d
35,k
35,m
35,y
35,c
35,ad
35,f
35,c
35,g
35,e
36,a
36,p
36,p
36,p
36,p
36,p
36,w
36,b
36,i
36,s
36,ab
36,z
36,r
36,aa
36,n
36,u
36,i
36,aa
36,ab
36,n
36,t
36,n
36,t
36,n
36,u
36,aa
36,i
36,ab
36,n
36,t
36,n
36,u
36,i
36,aa
36,ab
36,o
36,c
36,f
36,ad
36,c
36,ad
36,f
36,c
36,g
36,e
36,ac
37,a
37,p
37,w
37,s
37,q
37,a
37,af
37,i
37,s
37,aa
37,j
37,b
37,ab
37,o
37,a
37,af
37,z
37,r
37,s
37,i
37,aa
37,ab
37,n
37,t
37,n
37,u
37,i
37,aa
37,ab
37,o
37,i
37,s
37,aa
37,z
37,b
37,j
37,ab
37,n
37,t
37,n
37,u
37,i
37,aa
37,ab
37,n
37,u
37,i
37,aa
37,ab
37,n
37,u
37,aa
37,i
37,ab
37,n
37,u
37,i
37,aa
37,ab
37,n
37,t
37,n
37,u
37,i
37,ab
37,aa
37,n
37,u
37,i
37,aa
37,ab
37,n
37,t
37,n
37,t
37,n
37,u
37,aa
37,i
37,ab
37,x
37,p
37,a
37,w
37,c
37,f
37,ad
37,c
37,ad
37,f
37,c
37,g
37,k
37,l
37,d
37,h
37,c
37,ad
37,f
37,c
37,f
37,ad
37,c
37,ad
37,f
37,c
37,g
37,k
37,l
37,d
37,m
37,y
37,c
37,g
37,ac
37,e
38,c
38,f
38,ad
38,c
38,g
38,k
38,d
38,l
38,h
38,c
38,g
38,e
39,c
39,g
39,k
39,l
39,d
39,m
39,y
39,c
39,ad
39,f
39,c
39,f
39,ad
39,c
39,g
39,e
39,ac
40,p
40,a
40,w
40,c
40,g
40,ac
41,a
41,af
41,q
41,b
41,j
41,aa
41,s
41,i
41,ab
41,n
41,t
41,n
41,u
41,aa
41,i
41,ab
41,x
41,s
41,b
41,i
41,r
41,aa
41,ab
41,x
41,b
41,r
41,z
41,aa
41,i
41,ab
41,s
41,o
41,a
41,q
41,z
41,s
41,b
41,q
41,a
41,af
41,c
41,ad
41,f
41,c
41,f
41,ad
41,c
41,g
41,e
41,ac
42,p
42,a
42,w
42,z
42,s
42,i
42,aa
42,j
42,b
42,ab
42,n
42,u
42,aa
42,i
42,ab
42,n
42,t
42,n
42,u
42,aa
42,i
42,ab
42,x
42,r
42,aa
42,s
42,i
42,z
42,b
42,ab
42,n
42,t
42,n
42,u
42,aa
42,i
42,ab
42,n
42,t
42,n
42,t
42,n
42,u
42,i
42,aa
42,ab
42,n
42,u
42,aa
42,i
42,ab
42,x
42,c
42,g
42,l
42,k
42,d
42,d
42,k
42,l
42,k
42,l
42,d
42,ae
42,v
42,c
42,ad
42,f
42,c
42,g
42,k
42,d
42,l
42,k
42,d
42,l
42,k
42,l
42,d
42,d
42,k
42,l
42,d
42,l
42,k
42,m
42,y
42,c
42,g
42,d
42,k
42,l
42,m
42,y
42,c
42,g
42,e
42,ac
43,a
43,p
43,p
43,p
43,w
43,c
43,g
43,k
43,l
43,d
43,l
43,k
43,d
43,l
43,d
43,k
43,h
43,c
43,g
43,d
43,k
43,l
43,m
43,y
43,c
43,ad
43,f
43,c
43,g
43,d
43,l
43,k
43,m
43,y
43,c
43,f
43,ad
43,c
43,f
43,ad
43,c
43,g
43,l
43,d
43,k
43,k
43,l
43,d
43,m
43,y
43,c
43,f
43,ad
43,c
43,g
43,e
44,a
44,af
44,q
44,b
44,s
44,a
44,p
44,p
44,p
44,p
44,p
44,p
44,w
44,s
44,b
44,q
44,a
44,af
44,z
44,r
44,b
44,aa
44,i
44,ab
44,n
44,u
44,aa
44,i
44,ab
44,n
44,u
44,aa
44,i
44,ab
44,n
44,u
44,i
44,aa
44,ab
44,n
44,t
44,n
44,t
44,n
44,u
44,i
44,aa
44,ab
44,n
44,u
44,aa
44,i
44,ab
44,x
44,z
44,a
44,p
44,p
44,p
44,w
44,i
44,s
44,b
44,j
44,aa
44,ab
44,o
44,c
44,g
44,e
44,ac
45,a
45,af
45,q
45,z
45,s
45,i
45,j
45,aa
45,ab
45,s
45,b
45,z
45,x
45,a
45,p
45,p
45,w
45,c
45,ad
45,f
45,c
45,g
45,d
45,k
45,l
45,l
45,d
45,k
45,m
45,y
45,c
45,g
45,k
45,l
45,d
45,d
45,k
45,l
45,k
45,l
45,d
45,l
45,d
45,k
45,m
45,y
45,c
45,ad
45,f
45,c
45,ad
45,f
45,c
45,g
45,d
45,l
45,k
45,k
45,d
45,l
45,d
45,l
45,k
45,k
45,l
45,d
45,v
45,ae
45,c
45,g
45,e
45,ac
46,a
46,p
46,w
46,c
46,g
46,e
46,ac
47,i
47,ab
47,z
47,s
47,b
47,aa
47,j
47,o
47,aa
47,z
47,j
47,s
47,i
47,ab
47,n
47,u
47,aa
47,i
47,ab
47,n
47,u
47,i
47,ab
47,aa
47,x
47,p
47,a
47,p
47,w
47,z
47,j
47,i
47,s
47,aa
47,ab
47,x
47,p
47,a
47,w
47,i
47,b
47,aa
47,z
47,j
47,s
47,ab
47,n
47,u
47,i
47,aa
47,ab
47,n
47,u
47,aa
47,i
47,ab
47,n
47,t
47,n
47,u
47,aa
47,i
47,ab
47,x
47,af
47,q
47,a
47,c
47,g
47,e
48,p
48,a
48,w
48,z
48,b
48,s
48,c
48,f
48,ad
48,c
48,ad
48,f
48,c
48,g
48,l
48,d
48,k
48,ae
48,v
48,c
48,g
48,l
48,k
48,d
48,l
48,d
48,k
48,ae
48,v
48,c
48,f
48,ad
48,c
48,g
48,ac
48,e
49,r
49,s
49,aa
49,b
49,i
49,z
49,ab
49,x
49,af
49,a
49,q
49,j
49,z
49,aa
49,s
49,i
49,ab
49,x
49,p
49,a
49,w
49,c
49,g
49,l
49,d
49,k
49,ae
49,v
49,c
49,g
49,d
49,l
49,k
49,k
49,l
49,d
49,l
49,k
49,d
49,ae
49,v
49,c
49,ad
49,f
49,c
49,g
49,ac
50,z
50,j
50,aa
50,i
50,b
50,ab
50,n
50,u
50,aa
50,i
50,ab
50,x
50,a
50,q
50,af
50,b
50,z
50,c
50,ad
50,f
50,c
50,g
50,e
50,ac
51,z
51,b
51,i
51,s
51,r
51,ab
51,aa
51,n
51,t
51,n
51,u
51,aa
51,i
51,ab
51,n
51,t
51,n
51,u
51,aa
51,i
51,ab
51,n
51,t
51,n
51,t
51,n
51,u
51,aa
51,i
51,ab
51,n
51,u
51,aa
51,i
51,ab
51,x
51,z
51,s
51,a
51,q
51,af
51,b
51,z
51,i
51,r
51,ab
51,aa
51,o
51,s
51,i
51,aa
51,ab
51,b
51,r
51,n
51,t
51,n
51,t
51,n
51,t
51,n
51,u
51,aa
51,i
51,ab
51,o
51,p
51,w
51,a
51,c
51,f
51,ad
51,c
51,f
51,ad
51,c
51,f
51,ad
51,c
51,g
51,ac
51,e
52,p
52,w
52,a
52,c
52,ad
52,f
52,c
52,ad
52,f
52,c
52,g
52,e
52,ac
53,c
53,g
53,e
53,ac
54,c
54,g
54,d
54,l
54,k
54,l
54,k
54,d
54,h
54,c
54,ad
54,f
54,c
54,ad
54,f
54,c
54,g
54,e
54,ac
55,p
55,a
55,w
55,s
55,j
55,aa
55,i
55,b
55,z
55,ab
55,x
55,j
55,b
55,i
55,ab
55,aa
55,n
55,t
55,n
55,t
55,n
55,t
55,n
55,t
55,n
55,t
55,n
55,u
55,aa
55,i
55,ab
55,o
55,aa
55,s
55,j
55,i
55,ab
55,o
55,p
55,w
55,a
55,i
55,s
55,aa
55,b
55,ab
55,r
55,o
55,c
55,g
55,e
55,ac
56,b
56,s
56,s
56,r
56,aa
56,i
56,ab
56,n
56,u
56,aa
56,i
56,ab
56,n
56,t
56,n
56,t
56,n
56,t
56,n
56,u
56,i
56,aa
56,ab
56,n
56,u
56,aa
56,i
56,ab
56,n
56,t
56,n
56,u
56,aa
56,i
56,ab
56,n
56,t
56,n
56,t
56,n
56,u
56,i
56,ab
56,aa
56,x
56,p
56,w
56,a
56,aa
56,i
56,r
56,s
56,ab
56,o
56,a
56,p
56,p
56,p
56,p
56,p
56,w
56,z
56,b
56,s
56,p
56,a
56,w
56,c
56,ad
56,f
56,c
56,g
56,l
56,k
56,d
56,m
56,y
56,c
56,g
56,l
56,k
56,d
56,d
56,l
56,k
56,l
56,k
56,d
56,d
56,l
56,k
56,k
56,l
56,d
56,v
56,ae
56,c
56,g
56,ac
56,e
57,c
57,ad
57,f
57,c
57,g
57,ac
58,p
58,a
58,w
58,b
58,af
58,a
58,q
58,j
58,aa
58,i
58,ab
58,n
58,t
58,n
58,u
58,aa
58,i
58,ab
58,o
58,a
58,q
58,c
58,f
58,ad
58,c
58,g
58,l
58,d
58,k
58,k
58,l
58,d
58,h
58,c
58,g
58,l
58,k
58,d
58,k
58,d
58,l
58,m
58,y
58,c
58,g
58,l
58,d
58,k
58,h
58,c
58,f
58,ad
58,c
58,f
58,ad
58,c
58,g
58,ac
59,a
59,p
59,p
59,w
59,j
59,i
59,ab
59,aa
59,s
59,z
59,b
59,x
59,b
59,z
59,i
59,ab
59,j
59,b
59,aa
59,o
59,b
59,i
59,s
59,j
59,aa
59,ab
59,n
59,t
59,n
59,u
59,i
59,aa
59,ab
59,n
59,t
59,n
59,u
59,aa
59,i
59,ab
59,n
59,t
59,n
59,u
59,i
59,aa
59,ab
59,n
59,u
59,i
59,aa
59,ab
59,n
59,u
59,i
59,aa
59,ab
59,n
59,t
59,n
59,t
59,n
59,t
59,n
59,u
59,aa
59,i
59,ab
59,x
59,p
59,a
59,w
59,aa
59,r
59,i
59,b
59,s
59,z
59,ab
59,x
59,c
59,ad
59,f
59,c
59,ad
59,f
59,c
59,f
59,ad
59,c
59,ad
59,f
59,c
59,g
59,e
60,a
60,af
60,i
60,r
60,aa
60,b
60,s
60,ab
60,x
60,b
60,q
60,af
60,a
60,c
60,ad
60,f
60,c
60,ad
60,f
60,c
60,g
60,ac
60,e
61,q
61,af
61,a
61,c
61,f
61,ad
61,c
61,g
61,ac
62,af
62,a
62,q
62,c
62,g
62,e
62,ac
63,q
63,af
63,a
63,c
63,g
63,e
63,ac
64,q
64,a
64,aa
64,b
64,r
64,i
64,ab
64,s
64,x
64,aa
64,s
64,j
64,z
64,i
64,ab
64,o
64,af
64,a
64,b
64,s
64,z
64,z
64,s
64,aa
64,b
64,r
64,i
64,ab
64,o
64,p
64,a
64,w
64,z
64,b
64,c
64,g
64,ac
65,c
65,g
65,e
66,c
66,ad
66,f
66,c
66,g
66,l
66,k
66,d
66,k
66,d
66,l
66,d
66,l
66,k
66,m
66,y
66,c
66,g
66,e
66,ac
67,a
67,p
67,w
67,c
67,g
67,l
67,d
67,k
67,k
67,d
67,l
67,v
67,ae
67,c
67,ad
67,f
67,c
67,g
67,l
67,d
67,k
67,v
67,ae
67,c
67,ad
67,f
67,c
67,g
67,l
67,k
67,d
67,m
67,y
67,c
67,g
67,e
67,ac
68,b
68,z
68,z
68,c
68,ad
68,f
68,c
68,g
68,l
68,d
68,k
68,k
68,d
68,l
68,h
68,c
68,f
68,ad
68,c
68,f
68,ad
68,c
68,g
68,ac
69,p
69,a
69,w
69,c
69,ad
69,f
69,c
69,ad
69,f
69,c
69,g
69,ac
69,e
70,z
70,s
70,c
70,g
70,d
70,l
70,k
70,d
70,k
70,l
70,l
70,d
70,k
70,h
70,c
70,f
70,ad
70,c
70,g
70,ac
71,c
71,g
71,l
71,k
71,d
71,d
71,k
71,l
71,d
71,k
71,l
71,d
71,l
71,k
71,d
71,l
71,k
71,k
71,d
71,l
71,v
71,ae
71,c
71,g
71,d
71,k
71,l
71,m
71,y
71,c
71,g
71,k
71,d
71,l
71,l
71,d
71,k
71,d
71,l
71,k
71,m
71,y
71,c
71,ad
71,f
71,c
71,g
71,l
71,d
71,k
71,ae
71,v
71,c
71,ad
71,f
71,c
71,g
71,l
71,k
71,d
71,k
71,d
71,l
71,v
71,ae
71,c
71,g
71,e
71,ac
72,af
72,a
72,s
72,b
72,s
72,z
72,c
72,g
72,k
72,d
72,l
72,h
72,c
72,f
72,ad
72,c
72,g
72,l
72,d
72,k
72,l
72,k
72,d
72,m
72,y
72,c
72,g
72,ac
72,e
73,p
73,a
73,p
73,p
73,w
73,c
73,g
73,e
74,i
74,b
74,ab
74,r
74,aa
74,z
74,o
74,s
74,q
74,af
74,a
74,c
74,f
74,ad
74,c
74,f
74,ad
74,c
74,f
74,ad
74,c
74,g
74,e
74,ac
75,z
75,a
75,p
75,w
75,c
75,ad
75,f
75,c
75,f
75,ad
75,c
75,g
75,k
75,l
75,d
75,m
75,y
75,c
75,ad
75,f
75,c
75,ad
75,f
75,c
75,g
75,ac
76,q
76,af
76,a
76,j
76,i
76,aa
76,ab
76,n
76,t
76,n
76,t
76,n
76,u
76,i
76,aa
76,ab
76,n
76,u
76,aa
76,i
76,ab
76,n
76,u
76,i
76,aa
76,ab
76,o
76,c
76,f
76,ad
76,c
76,f
76,ad
76,c
76,ad
76,f
76,c
76,ad
76,f
76,c
76,f
76,ad
76,c
76,g
76,l
76,d
76,k
76,l
76,k
76,d
76,m
76,y
76,c
76,ad
76,f
76,c
76,g
76,ac
76,e
77,q
77,a
77,af
77,j
77,s
77,i
77,aa
77,b
77,z
77,ab
77,o
77,z
77,b
77,a
77,p
77,w
77,c
77,g
77,ac
78,c
78,g
78,e
79,c
79,g
79,ac
80,a
80,q
80,s
80,q
80,af
80,a
80,c
80,g
80,k
80,l
80,d
80,v
80,ae
80,c
80,f
80,ad
80,c
80,g
80,e
80,ac
81,z
81,c
81,f
81,ad
81,c
81,ad
81,f
81,c
81,g
81,l
81,k
81,d
81,m
81,y
81,c
81,ad
81,f
81,c
81,ad
81,f
81,c
81,f
81,ad
81,c
81,f
81,ad
81,c
81,g
81,ac
82,a
82,q
82,b
82,z
82,r
82,s
82,aa
82,i
82,ab
82,x
82,a
82,p
82,p
82,w
82,c
82,f
82,ad
82,c
82,ad
82,f
82,c
82,g
82,e
83,c
83,g
83,k
83,d
83,l
83,d
83,k
83,l
83,l
83,d
83,k
83,l
83,d
83,k
83,h
83,c
83,g
83,ac
83,e
84,q
84,a
84,c
84,f
84,ad
84,c
84,ad
84,f
84,c
84,g
84,l
84,d
84,k
84,h
84,c
84,g
84,e
85,c
85,g
85,e
86,a
86,p
86,w
86,s
86,b
86,a
86,p
86,w
86,i
86,r
86,b
86,ab
86,aa
86,s
86,o
86,a
86,q
86,af
86,c
86,g
86,e
87,c
87,g
87,l
87,k
87,d
87,h
87,c
87,ad
87,f
87,c
87,g
87,k
87,d
87,l
87,h
87,c
87,f
87,ad
87,c
87,g
87,ac
87,e
88,af
88,a
88,aa
88,j
88,z
88,s
88,i
88,ab
88,n
88,u
88,i
88,aa
88,ab
88,x
88,c
88,f
88,ad
88,c
88,ad
88,f
88,c
88,f
88,ad
88,c
88,ad
88,f
88,c
88,ad
88,f
88,c
88,g
88,ac
89,a
89,p
89,p
89,p
89,w
89,c
89,g
89,d
89,k
89,l
89,m
89,y
89,c
89,g
89,e
89,ac
90,z
90,b
90,aa
90,i
90,r
90,ab
90,x
90,c
90,g
90,l
90,d
90,k
90,h
90,c
90,g
90,l
90,d
90,k
90,h
90,c
90,g
90,ac
90,e
91,aa
91,z
91,i
91,ab
91,o
91,j
91,r
91,i
91,z
91,aa
91,b
91,ab
91,x
91,c
91,ad
91,f
91,c
91,g
91,k
91,l
91,d
91,ae
91,v
91,c
91,g
91,e
91,ac
92,z
92,aa
92,j
92,i
92,b
92,ab
92,x
92,a
92,af
92,q
92,c
92,g
92,l
92,k
92,d
92,l
92,k
92,d
92,h
92,c
92,g
92,l
92,k
92,d
92,d
92,l
92,k
92,k
92,l
92,d
92,h
92,c
92,f
92,ad
92,c
92,g
92,l
92,d
92,k
92,m
92,y
92,c
92,ad
92,f
92,c
92,f
92,ad
92,c
92,g
92,l
92,d
92,k
92,l
92,d
92,k
92,h
92,c
92,ad
92,f
92,c
92,f
92,ad
92,c
92,g
92,ac
93,a
93,af
93,c
93,g
93,ac
93,e
94,c
94,g
94,d
94,l
94,k
94,ae
94,v
94,c
94,f
94,ad
94,c
94,ad
94,f
94,c
94,f
94,ad
94,c
94,g
94,ac
95,af
95,q
95,a
95,z
95,s
95,b
95,aa
95,b
95,i
95,r
95,z
95,ab
95,n
95,u
95,aa
95,i
95,ab
95,x
95,s
95,b
95,aa
95,r
95,z
95,i
95,b
95,ab
95,n
95,u
95,i
95,ab
95,aa
95,n
95,t
95,n
95,u
95,aa
95,i
95,ab
95,o
95,c
95,g
95,e
96,i
96,r
96,z
96,ab
96,s
96,aa
96,x
96,a
96,q
96,c
96,g
96,e
96,ac
97,z
97,p
97,a
97,p
97,p
97,w
97,b
97,z
97,z
97,i
97,aa
97,r
97,ab
97,x
97,af
97,a
97,q
97,c
97,f
97,ad
97,c
97,g
97,e
97,ac
98,p
98,a
98,p
98,w
98,c
98,ad
98,f
98,c
98,ad
98,f
98,c
98,f
98,ad
98,c
98,f
98,ad
98,c
98,ad
98,f
98,c
98,f
98,ad
98,c
98,f
98,ad
98,c
98,f
98,ad
98,c
98,g
98,e
99,af
99,a
99,i
99,aa
99,r
99,z
99,ab
99,n
99,t
99,n
99,u
99,i
99,aa
99,ab
99,o
99,c
99,g
99,k
99,l
99,d
99,m
99,y
99,c
99,f
99,ad
99,c
99,ad
99,f
99,c
99,g
99,d
99,k
99,l
99,h
99,c
99,f
99,ad
99,c
99,ad
99,f
99,c
99,g
99,e
100,q
100,a
100,c
100,f
100,ad
100,c
100,g
100,k
100,l
100,d
100,m
100,y
100,c
100,g
100,d
100,k
100,l
100,d
100,k
100,l
100,m
100,y
100,c
100,ad
100,f
100,c
100,g
100,ac
101,aa
101,j
101,i
101,z
101,ab
101,n
101,u
101,i
101,aa
101,ab
101,x
101,i
101,r
101,aa
101,z
101,ab
101,n
101,u
101,i
101,aa
101,ab
101,x
101,af
101,a
101,q
101,s
101,a
101,p
101,p
101,p
101,p
101,w
101,s
101,z
101,b
101,p
101,w
101,a
101,z
101,s
101,j
101,i
101,aa
101,ab
101,n
101,u
101,i
101,ab
101,aa
101,o
101,q
101,a
101,r
101,z
101,i
101,aa
101,ab
101,n
101,t
101,n
101,t
101,n
101,u
101,aa
101,i
101,ab
101,o
101,c
101,ad
101,f
101,c
101,ad
101,f
101,c
101,ad
101,f
101,c
101,g
101,ac
101,e
102,c
102,f
102,ad
102,c
102,g
102,ac
102,e
103,a
103,af
103,b
103,s
103,aa
103,i
103,j
103,ab
103,b
103,x
103,s
103,z
103,c
103,g
103,ac
103,e
104,c
104,f
104,ad
104,c
104,g
104,ac
105,c
105,f
105,ad
105,c
105,g
105,l
105,k
105,d
105,h
105,c
105,ad
105,f
105,c
105,g
105,e
106,q
106,af
106,a
106,z
106,i
106,aa
106,ab
106,j
106,b
106,o
106,a
106,q
106,j
106,s
106,aa
106,i
106,b
106,ab
106,n
106,u
106,aa
106,i
106,ab
106,o
106,r
106,z
106,aa
106,i
106,b
106,ab
106,o
106,a
106,q
106,c
106,g
106,e
107,i
107,z
107,r
107,ab
107,aa
107,n
107,u
107,i
107,aa
107,ab
107,n
107,u
107,aa
107,i
107,ab
107,n
107,t
107,n
107,t
107,n
107,t
107,n
107,t
107,n
107,u
107,aa
107,i
107,ab
107,o
107,c
107,g
107,k
107,d
107,l
107,v
107,ae
107,c
107,g
107,d
107,k
107,l
107,l
107,k
107,d
107,m
107,y
107,c
107,g
107,d
107,l
107,k
107,d
107,l
107,k
107,d
107,l
107,k
107,k
107,l
107,d
107,ae
107,v
107,c
107,g
107,k
107,l
107,d
107,h
107,c
107,g
107,e
107,ac
108,c
108,g
108,k
108,d
108,l
108,m
108,y
108,c
108,f
108,ad
108,c
108,ad
108,f
108,c
108,f
108,ad
108,c
108,f
108,ad
108,c
108,g
108,e
109,c
109,g
109,ac
109,e
110,af
110,a
110,q
110,j
110,i
110,aa
110,ab
110,b
110,n
110,u
110,i
110,aa
110,ab
110,n
110,t
110,n
110,t
110,n
110,u
110,i
110,ab
110,aa
110,o
110,af
110,a
110,aa
110,r
110,i
110,ab
110,b
110,z
110,o
110,p
110,a
110,p
110,p
110,p
110,p
110,w
110,c
110,ad
110,f
110,c
110,g
110,e
110,ac
111,a
111,p
111,w
111,c
111,ad
111,f
111,c
111,f
111,ad
111,c
111,g
111,k
111,l
111,d
111,l
111,k
111,d
111,l
111,d
111,k
111,h
111,c
111,ad
111,f
111,c
111,g
111,l
111,d
111,k
111,h
111,c
111,ad
111,f
111,c
111,g
111,e
112,z
112,b
112,s
112,c
112,f
112,ad
112,c
112,f
112,ad
112,c
112,f
112,ad
112,c
112,g
112,ac
112,e
113,c
113,g
113,e
114,a
114,af
114,q
114,c
114,f
114,ad
114,c
114,g
114,ac
115,c
115,g
115,ac
115,e
116,j
116,s
116,z
116,aa
116,i
116,ab
116,n
116,t
116,n
116,t
116,n
116,t
116,n
116,t
116,n
116,u
116,aa
116,i
116,ab
116,o
116,b
116,s
116,j
116,aa
116,i
116,ab
116,n
116,u
116,i
116,aa
116,ab
116,n
116,u
116,i
116,ab
116,aa
116,o
116,c
116,ad
116,f
116,c
116,ad
116,f
116,c
116,f
116,ad
116,c
116,ad
116,f
116,c
116,f
116,ad
116,c
116,g
116,ac
117,a
117,p
117,w
117,i
117,ab
117,r
117,z
117,s
117,aa
117,n
117,t
117,n
117,u
117,i
117,aa
117,ab
117,n
117,t
117,n
117,t
117,n
117,t
117,n
117,t
117,n
117,u
117,aa
117,i
117,ab
117,o
117,c
117,g
117,ac
117,e
118,i
118,r
118,aa
118,z
118,ab
118,o
118,a
118,p
118,w
118,i
118,r
118,aa
118,ab
118,x
118,b
118,s
118,p
118,a
118,p
118,w
118,b
118,j
118,s
118,aa
118,i
118,ab
118,n
118,t
118,n
118,t
118,n
118,u
118,aa
118,i
118,ab
118,o
118,c
118,g
118,d
118,k
118,l
118,v
118,ae
118,c
118,g
118,k
118,d
118,l
118,k
118,l
118,d
118,m
118,y
118,c
118,g
118,ac
119,q
119,a
119,af
119,b
119,s
119,af
119,a
119,i
119,r
119,z
119,ab
119,aa
119,n
119,u
119,i
119,aa
119,ab
119,x
119,a
119,p
119,p
119,p
119,w
119,z
119,c
119,ad
119,f
119,c
119,f
119,ad
119,c
119,ad
119,f
119,c
119,f
119,ad
119,c
119,f
119,ad
119,c
119,g
119,l
119,k
119,d
119,m
119,y
119,c
119,g
119,ac
119,e
120,b
120,aa
120,i
120,z
120,j
120,ab
120,x
120,j
120,z
120,b
120,i
120,aa
120,ab
120,x
120,b
120,z
120,s
120,i
120,aa
120,ab
120,j
120,s
120,z
120,n
120,u
120,aa
120,i
120,ab
120,n
120,u
120,i
120,aa
120,ab
120,x
120,p
120,a
120,w
120,c
120,g
120,d
120,l
120,k
120,m
120,y
120,c
120,f
120,ad
120,c
120,f
120,ad
120,c
120,ad
120,f
120,c
120,f
120,ad
120,c
120,ad
120,f
120,c
120,g
120,l
120,d
120,k
120,d
120,k
120,l
120,h
120,c
120,ad
120,f
120,c
120,g
120,l
120,d
120,k
120,d
120,k
120,l
120,v
120,ae
120,c
120,g
120,e
121,q
121,a
121,s
121,aa
121,z
121,i
121,r
121,ab
121,n
121,u
121,aa
121,i
121,ab
121,x
121,b
121,z
121,s
121,a
121,p
121,w
121,s
121,p
121,p
121,a
121,p
121,w
121,c
121,g
121,ac
121,e
122,a
122,p
122,w
122,r
122,b
122,i
122,aa
122,s
122,ab
122,n
122,u
122,i
122,aa
122,ab
122,o
122,c
122,f
122,ad
122,c
122,ad
122,f
122,c
122,f
122,ad
122,c
122,g
122,l
122,k
122,d
122,m
122,y
122,c
122,f
122,ad
122,c
122,g
122,e
123,aa
123,s
123,i
123,j
123,ab
123,n
123,z
123,u
123,i
123,aa
123,ab
123,x
123,p
123,a
123,p
123,w
123,i
123,r
123,aa
123,z
123,s
123,b
123,ab
123,n
123,u
123,i
123,ab
123,aa
123,n
123,u
123,i
123,aa
123,ab
123,n
123,t
123,n
123,u
123,aa
123,i
123,ab
123,n
123,u
123,aa
123,i
123,ab
123,o
123,q
123,a
123,c
123,f
123,ad
123,c
123,f
123,ad
123,c
123,g
123,l
123,d
123,k
123,ae
123,v
123,c
123,g
123,d
123,l
123,k
123,m
123,y
123,c
123,g
123,k
123,d
123,l
123,v
123,ae
123,c
123,f
123,ad
123,c
123,ad
123,f
123,c
123,f
123,ad
123,c
123,f
123,ad
123,c
123,g
123,d
123,k
123,l
123,d
123,l
123,k
123,l
123,k
123,d
123,h
123,c
123,g
123,e
124,c
124,ad
124,f
124,c
124,g
124,ac
124,e
125,z
125,r
125,aa
125,i
125,ab
125,n
125,t
125,n
125,t
125,n
125,u
125,i
125,ab
125,aa
125,x
125,a
125,p
125,w
125,b
125,s
125,z
125,c
125,g
125,ac
125,e
126,a
126,p
126,w
126,c
126,g
126,l
126,k
126,d
126,m
126,y
126,c
126,g
126,d
126,k
126,l
126,m
126,y
126,c
126,g
126,k
126,l
126,d
126,d
126,l
126,k
126,ae
126,v
126,c
126,ad
126,f
126,c
126,g
126,d
126,l
126,k
126,d
126,k
126,l
126,k
126,l
126,d
126,d
126,k
126,l
126,v
126,ae
126,c
126,g
126,l
126,k
126,d
126,m
126,y
126,c
126,f
126,ad
126,c
126,f
126,ad
126,c
126,ad
126,f
126,c
126,ad
126,f
126,c
126,ad
126,f
126,c
126,g
126,k
126,d
126,l
126,l
126,k
126,d
126,v
126,ae
126,c
126,ad
126,f
126,c
126,g
126,k
126,d
126,l
126,d
126,k
126,l
126,k
126,d
126,l
126,d
126,k
126,l
126,d
126,k
126,l
126,h
126,c
126,ad
126,f
126,c
126,g
126,ac
126,e
127,a
127,p
127,w
127,c
127,g
127,e
128,p
128,a
128,w
128,c
128,f
128,ad
128,c
128,ad
128,f
128,c
128,ad
128,f
128,c
128,ad
128,f
128,c
128,g
128,k
128,l
128,d
128,l
128,d
128,k
128,m
128,y
128,c
128,g
128,k
128,l
128,d
128,h
128,c
128,f
128,ad
128,c
128,g
128,k
128,l
128,d
128,h
128,c
128,f
128,ad
128,c
128,g
128,e
129,z
129,r
129,s
129,b
129,i
129,aa
129,ab
129,x
129,b
129,z
129,s
129,af
129,a
129,c
129,g
129,k
129,l
129,d
129,h
129,c
129,f
129,ad
129,c
129,g
129,ac
130,a
130,p
130,p
130,p
130,p
130,p
130,p
130,p
130,p
130,w
130,c
130,f
130,ad
130,c
130,g
130,ac
130,e
131,a
131,p
131,p
131,w
131,b
131,j
131,aa
131,z
131,i
131,ab
131,x
131,z
131,aa
131,i
131,z
131,j
131,ab
131,n
131,t
131,n
131,t
131,n
131,t
131,n
131,u
131,i
131,ab
131,aa
131,n
131,t
131,n
131,t
131,n
131,u
131,i
131,aa
131,ab
131,x
131,p
131,a
131,p
131,w
131,c
131,g
131,l
131,d
131,k
131,m
131,y
131,c
131,g
131,k
131,d
131,l
131,k
131,d
131,l
131,m
131,y
131,c
131,g
131,d
131,k
131,l
131,m
131,y
131,c
131,f
131,ad
131,c
131,ad
131,f
131,c
131,g
131,k
131,l
131,d
131,l
131,d
131,k
131,h
131,c
131,f
131,ad
131,c
131,g
131,d
131,l
131,k
131,k
131,d
131,l
131,h
131,c
131,g
131,ac
131,e
132,c
132,f
132,ad
132,c
132,g
132,e
132,ac
133,r
133,i
133,s
133,aa
133,z
133,ab
133,n
133,t
133,n
133,u
133,i
133,aa
133,ab
133,n
133,u
133,i
133,ab
133,aa
133,x
133,a
133,af
133,q
133,aa
133,z
133,r
133,i
133,b
133,ab
133,n
133,t
133,n
133,t
133,n
133,t
133,n
133,t
133,n
133,u
133,i
133,aa
133,ab
133,n
133,t
133,n
133,u
133,aa
133,i
133,ab
133,n
133,t
133,n
133,u
133,i
133,ab
133,aa
133,o
133,c
133,g
133,ac
134,c
134,g
134,ac
135,a
135,p
135,p
135,p
135,w
135,z
135,s
135,b
135,b
135,j
135,s
135,b
135,aa
135,z
135,i
135,ab
135,x
135,c
135,g
135,ac
135,e
136,c
136,f
136,ad
136,c
136,g
136,ac
137,j
137,s
137,aa
137,b
137,i
137,ab
137,x
137,a
137,q
137,af
137,c
137,ad
137,f
137,c
137,f
137,ad
137,c
137,ad
137,f
137,c
137,g
137,e
138,i
138,b
138,j
138,aa
138,ab
138,n
138,t
138,n
138,u
138,aa
138,i
138,ab
138,o
138,c
138,g
138,ac
138,e
139,c
139,f
139,ad
139,c
139,g
139,l
139,k
139,d
139,l
139,k
139,d
139,k
139,d
139,l
139,v
139,ae
139,c
139,ad
139,f
139,c
139,ad
139,f
139,c
139,f
139,ad
139,c
139,f
139,ad
139,c
139,f
139,ad
139,c
139,g
139,k
139,d
139,l
139,d
139,k
139,l
139,k
139,d
139,l
139,ae
139,v
139,c
139,f
139,ad
139,c
139,g
139,d
139,k
139,l
139,m
139,y
139,c
139,f
139,ad
139,c
139,g
139,d
139,k
139,l
139,k
139,d
139,l
139,d
139,l
139,k
139,m
139,y
139,c
139,g
139,e
139,ac
140,s
140,r
140,i
140,aa
140,z
140,b
140,ab
140,o
140,b
140,s
140,a
140,p
140,p
140,p
140,p
140,p
140,p
140,w
140,z
140,aa
140,r
140,s
140,i
140,ab
140,o
140,p
140,a
140,w
140,c
140,f
140,ad
140,c
140,g
140,k
140,d
140,l
140,l
140,d
140,k
140,k
140,d
140,l
140,d
140,l
140,k
140,m
140,y
140,c
140,ad
140,f
140,c
140,ad
140,f
140,c
140,ad
140,f
140,c
140,f
140,ad
140,c
140,f
140,ad
140,c
140,g
140,k
140,d
140,l
140,m
140,y
140,c
140,ad
140,f
140,c
140,f
140,ad
140,c
140,g
140,e
141,c
141,ad
141,f
141,c
141,g
141,d
141,k
141,l
141,k
141,d
141,l
141,l
141,d
141,k
141,m
141,y
141,c
141,g
141,l
141,d
141,k
141,h
141,c
141,g
141,k
141,l
141,d
141,m
141,y
141,c
141,f
141,ad
141,c
141,f
141,ad
141,c
141,g
141,k
141,l
141,d
141,d
141,k
141,l
141,d
141,l
141,k
141,v
141,ae
141,c
141,ad
141,f
141,c
141,ad
141,f
141,c
141,f
141,ad
141,c
141,ad
141,f
141,c
141,g
141,d
141,k
141,l
141,h
141,c
141,g
141,ac
141,e
142,c
142,g
142,e
143,b
143,a
143,q
143,aa
143,b
143,r
143,z
143,i
143,ab
143,x
143,aa
143,z
143,b
143,i
143,s
143,r
143,ab
143,o
143,p
143,a
143,w
143,aa
143,j
143,i
143,ab
143,x
143,q
143,a
143,c
143,g
143,ac
144,i
144,aa
144,ab
144,s
144,j
144,o
144,a
144,q
144,af
144,aa
144,b
144,i
144,j
144,ab
144,n
144,t
144,n
144,t
144,n
144,u
144,i
144,aa
144,ab
144,o
144,a
144,q
144,af
144,c
144,g
144,e
144,ac
145,z
145,a
145,af
145,q
145,b
145,z
145,c
145,g
145,d
145,k
145,l
145,l
145,d
145,k
145,m
145,y
145,c
145,g
145,k
145,d
145,l
145,d
145,l
145,k
145,v
145,ae
145,c
145,g
145,l
145,k
145,d
145,m
145,y
145,c
145,f
145,ad
145,c
145,g
145,d
145,k
145,l
145,d
145,l
145,k
145,m
145,y
145,c
145,g
145,d
145,k
145,l
145,d
145,k
145,l
145,h
145,c
145,g
145,k
145,d
145,l
145,k
145,l
145,d
145,l
145,d
145,k
145,m
145,y
145,c
145,g
145,ac
145,e
146,b
146,a
146,p
146,p
146,p
146,w
146,c
146,f
146,ad
146,c
146,g
146,d
146,l
146,k
146,l
146,d
146,k
146,d
146,k
146,l
146,d
146,k
146,l
146,l
146,d
146,k
146,m
146,y
146,c
146,f
146,ad
146,c
146,f
146,ad
146,c
146,ad
146,f
146,c
146,ad
146,f
146,c
146,g
146,d
146,k
146,l
146,h
146,c
146,g
146,e
147,p
147,a
147,p
147,w
147,j
147,s
147,z
147,i
147,b
147,aa
147,ab
147,o
147,a
147,af
147,c
147,g
147,l
147,k
147,d
147,d
147,l
147,k
147,h
147,c
147,f
147,ad
147,c
147,ad
147,f
147,c
147,ad
147,f
147,c
147,f
147,ad
147,c
147,ad
147,f
147,c
147,ad
147,f
147,c
147,ad
147,f
147,c
147,f
147,ad
147,c
147,g
147,k
147,l
147,d
147,d
147,l
147,k
147,d
147,k
147,l
147,h
147,c
147,ad
147,f
147,c
147,f
147,ad
147,c
147,g
147,l
147,d
147,k
147,d
147,l
147,k
147,d
147,k
147,l
147,l
147,k
147,d
147,ae
147,v
147,c
147,g
147,l
147,k
147,d
147,l
147,k
147,d
147,v
147,ae
147,c
147,f
147,ad
147,c
147,g
147,k
147,l
147,d
147,l
147,k
147,d
147,l
147,d
147,k
147,m
147,y
147,c
147,g
147,l
147,k
147,d
147,d
147,k
147,l
147,m
147,y
147,c
147,f
147,ad
147,c
147,g
147,k
147,l
147,d
147,k
147,d
147,l
147,l
147,k
147,d
147,k
147,l
147,d
147,v
147,ae
147,c
147,f
147,ad
147,c
147,g
147,k
147,d
147,l
147,k
147,l
147,d
147,l
147,d
147,k
147,h
147,c
147,g
147,ac
147,e
148,s
148,b
148,z
148,a
148,q
148,b
148,z
148,r
148,s
148,aa
148,b
148,i
148,ab
148,n
148,t
148,n
148,u
148,aa
148,i
148,ab
148,x
148,b
148,z
148,a
148,q
148,af
148,c
148,ad
148,f
148,c
148,f
148,ad
148,c
148,g
148,ac
149,a
149,p
149,p
149,p
149,w
149,c
149,f
149,ad
149,c
149,g
149,d
149,k
149,l
149,v
149,ae
149,c
149,g
149,ac
149,e
150,a
150,p
150,w
150,c
150,f
150,ad
150,c
150,ad
150,f
150,c
150,f
150,ad
150,c
150,g
150,ac
151,af
151,a
151,z
151,s
151,b
151,i
151,aa
151,r
151,ab
151,n
151,t
151,n
151,u
151,aa
151,i
151,ab
151,n
151,t
151,n
151,t
151,n
151,t
151,n
151,u
151,i
151,aa
151,ab
151,x
151,a
151,q
151,af
151,s
151,z
151,b
151,c
151,ad
151,f
151,c
151,g
151,e
152,a
152,p
152,p
152,p
152,w
152,b
152,z
152,a
152,p
152,w
152,aa
152,s
152,b
152,z
152,i
152,r
152,ab
152,n
152,t
152,n
152,u
152,aa
152,i
152,ab
152,n
152,t
152,n
152,u
152,i
152,ab
152,aa
152,x
152,c
152,f
152,ad
152,c
152,g
152,k
152,d
152,l
152,h
152,c
152,f
152,ad
152,c
152,f
152,ad
152,c
152,ad
152,f
152,c
152,g
152,l
152,d
152,k
152,h
152,c
152,g
152,d
152,l
152,k
152,d
152,l
152,k
152,d
152,l
152,k
152,k
152,l
152,d
152,ae
152,v
152,c
152,g
152,l
152,k
152,d
152,d
152,k
152,l
152,l
152,k
152,d
152,l
152,k
152,d
152,v
152,ae
152,c
152,g
152,ac
152,e
153,c
153,g
153,d
153,k
153,l
153,k
153,l
153,d
153,k
153,d
153,l
153,l
153,d
153,k
153,m
153,y
153,c
153,f
153,ad
153,c
153,f
153,ad
153,c
153,g
153,k
153,d
153,l
153,m
153,y
153,c
153,f
153,ad
153,c
153,g
153,d
153,k
153,l
153,m
153,y
153,c
153,g
153,e
154,p
154,a
154,p
154,w
154,c
154,g
154,d
154,k
154,l
154,m
154,y
154,c
154,g
154,e
154,ac
155,q
155,af
155,a
155,s
155,b
155,af
155,a
155,q
155,c
155,g
155,ac
156,p
156,a
156,p
156,w
156,s
156,z
156,c
156,ad
156,f
156,c
156,ad
156,f
156,c
156,f
156,ad
156,c
156,g
156,ac
156,e
157,a
157,af
157,q
157,c
157,g
157,k
157,l
157,d
157,ae
157,v
157,c
157,f
157,ad
157,c
157,g
157,d
157,k
157,l
157,k
157,l
157,d
157,l
157,k
157,d
157,l
157,k
157,d
157,ae
157,v
157,c
157,ad
157,f
157,c
157,f
157,ad
157,c
157,g
157,e
158,q
158,a
158,b
158,s
158,j
158,aa
158,i
158,ab
158,o
158,aa
158,j
158,i
158,ab
158,n
158,t
158,n
158,t
158,n
158,t
158,n
158,u
158,aa
158,i
158,ab
158,o
158,af
158,a
158,q
158,s
158,i
158,b
158,aa
158,r
158,ab
158,x
158,a
158,q
158,af
158,aa
158,b
158,i
158,j
158,ab
158,o
158,b
158,z
158,r
158,aa
158,i
158,ab
158,o
158,af
158,a
158,q
158,i
158,z
158,j
158,ab
158,s
158,aa
158,n
158,u
158,aa
158,i
158,ab
158,n
158,u
158,i
158,ab
158,aa
158,n
158,u
158,i
158,aa
158,ab
158,o
158,i
158,aa
158,s
158,r
158,z
158,b
158,ab
158,o
158,r
158,aa
158,b
158,s
158,i
158,ab
158,n
158,t
158,n
158,t
158,n
158,t
158,n
158,u
158,aa
158,i
158,ab
158,n
158,t
158,n
158,t
158,n
158,t
158,n
158,u
158,aa
158,i
158,ab
158,x
158,j
158,i
158,b
158,s
158,aa
158,ab
158,o
158,c
158,g
158,e
159,p
159,a
159,p
159,p
159,p
159,p
159,p
159,w
159,c
159,g
159,ac
159,e
160,s
160,z
160,i
160,aa
160,r
160,ab
160,n
160,t
160,n
160,t
160,n
160,u
160,aa
160,i
160,ab
160,n
160,t
160,n
160,u
160,aa
160,i
160,ab
160,n
160,t
160,n
160,u
160,i
160,aa
160,ab
160,x
160,c
160,ad
160,f
160,c
160,ad
160,f
160,c
160,g
160,d
160,k
160,l
160,v
160,ae
160,c
160,f
160,ad
160,c
160,g
160,k
160,l
160,d
160,m
160,y
160,c
160,g
160,k
160,l
160,d
160,d
160,l
160,k
160,ae
160,v
160,c
160,f
160,ad
160,c
160,f
160,ad
160,c
160,f
160,ad
160,c
160,g
160,k
160,l
160,d
160,h
160,c
160,ad
160,f
160,c
160,g
160,d
160,l
160,k
160,l
160,k
160,d
160,h
160,c
160,ad
160,f
160,c
160,g
160,e
160,ac
161,aa
161,s
161,i
161,ab
161,r
161,n
161,u
161,i
161,aa
161,ab
161,x
161,c
161,ad
161,f
161,c
161,ad
161,f
161,c
161,f
161,ad
161,c
161,ad
161,f
161,c
161,ad
161,f
161,c
161,ad
161,f
161,c
161,ad
161,f
161,c
161,g
161,d
161,l
161,k
161,m
161,y
161,c
161,f
161,ad
161,c
161,g
161,ac
162,af
162,q
162,a
162,z
162,aa
162,j
162,i
162,ab
162,o
162,z
162,s
162,p
162,p
162,a
162,w
162,c
162,g
162,d
162,k
162,l
162,d
162,k
162,l
162,v
162,ae
162,c
162,g
162,e
163,a
163,af
163,c
163,ad
163,f
163,c
163,f
163,ad
163,c
163,ad
163,f
163,c
163,ad
163,f
163,c
163,g
163,ac
163,e
164,q
164,a
164,c
164,g
164,l
164,d
164,k
164,l
164,k
164,d
164,d
164,l
164,k
164,m
164,y
164,c
164,f
164,ad
164,c
164,ad
164,f
164,c
164,g
164,e
165,c
165,g
165,l
165,d
165,k
165,l
165,d
165,k
165,v
165,ae
165,c
165,f
165,ad
165,c
165,f
165,ad
165,c
165,g
165,l
165,k
165,d
165,k
165,l
165,d
165,ae
165,v
165,c
165,g
165,k
165,l
165,d
165,m
165,y
165,c
165,f
165,ad
165,c
165,g
165,ac
166,p
166,a
166,p
166,p
166,w
166,i
166,aa
166,s
166,ab
166,j
166,o
166,af
166,q
166,a
166,c
166,g
166,e
167,a
167,p
167,w
167,r
167,aa
167,i
167,b
167,ab
167,n
167,t
167,n
167,u
167,i
167,aa
167,ab
167,x
167,p
167,w
167,a
167,c
167,f
167,ad
167,c
167,ad
167,f
167,c
167,g
167,k
167,d
167,l
167,k
167,l
167,d
167,l
167,d
167,k
167,l
167,d
167,k
167,h
167,c
167,ad
167,f
167,c
167,g
167,k
167,l
167,d
167,ae
167,v
167,c
167,f
167,ad
167,c
167,g
167,e
167,ac
168,a
168,p
168,w
168,c
168,g
168,d
168,k
168,l
168,k
168,l
168,d
168,k
168,d
168,l
168,h
168,c
168,f
168,ad
168,c
168,ad
168,f
168,c
168,ad
168,f
168,c
168,ad
168,f
168,c
168,f
168,ad
168,c
168,f
168,ad
168,c
168,g
168,l
168,d
168,k
168,h
168,c
168,ad
168,f
168,c
168,ad
168,f
168,c
168,f
168,ad
168,c
168,g
168,e
169,a
169,af
169,q
169,c
169,ad
169,f
169,c
169,f
169,ad
169,c
169,f
169,ad
169,c
169,ad
169,f
169,c
169,g
169,k
169,l
169,d
169,ae
169,v
169,c
169,f
169,ad
169,c
169,g
169,d
169,k
169,l
169,ae
169,v
169,c
169,g
169,ac
169,e
170,p
170,a
170,p
170,w
170,c
170,f
170,ad
170,c
170,g
170,d
170,l
170,k
170,ae
170,v
170,c
170,f
170,ad
170,c
170,g
170,ac
171,p
171,a
171,p
171,p
171,w
171,c
171,g
171,k
171,l
171,d
171,m
171,y
171,c
171,g
171,l
171,k
171,d
171,k
171,l
171,d
171,v
171,ae
171,c
171,g
171,l
171,d
171,k
171,d
171,k
171,l
171,d
171,k
171,l
171,k
171,d
171,l
171,m
171,y
171,c
171,ad
171,f
171,c
171,g
171,ac
171,e
172,c
172,g
172,e
172,ac
173,aa
173,i
173,r
173,ab
173,b
173,z
173,n
173,t
173,n
173,t
173,n
173,t
173,n
173,u
173,i
173,aa
173,ab
173,x
173,c
173,ad
173,f
173,c
173,ad
173,f
173,c
173,g
173,d
173,l
173,k
173,l
173,k
173,d
173,m
173,y
173,c
173,g
173,k
173,l
173,d
173,h
173,c
173,ad
173,f
173,c
173,f
173,ad
173,c
173,ad
173,f
173,c
173,f
173,ad
173,c
173,g
173,d
173,l
173,k
173,k
173,d
173,l
173,d
173,k
173,l
173,ae
173,v
173,c
173,ad
173,f
173,c
173,g
173,k
173,l
173,d
173,d
173,l
173,k
173,k
173,d
173,l
173,v
173,ae
173,c
173,g
173,e
174,z
174,b
174,s
174,c
174,ad
174,f
174,c
174,g
174,l
174,k
174,d
174,m
174,y
174,c
174,ad
174,f
174,c
174,f
174,ad
174,c
174,ad
174,f
174,c
174,f
174,ad
174,c
174,g
174,l
174,d
174,k
174,h
174,c
174,g
174,k
174,l
174,d
174,v
174,ae
174,c
174,g
174,ac
175,a
175,q
175,z
175,s
175,c
175,g
175,e
175,ac
176,i
176,j
176,z
176,aa
176,s
176,b
176,ab
176,n
176,t
176,n
176,t
176,n
176,t
176,n
176,u
176,aa
176,i
176,ab
176,o
176,c
176,f
176,ad
176,c
176,g
176,k
176,d
176,l
176,m
176,y
176,c
176,f
176,ad
176,c
176,g
176,ac
176,e
177,p
177,a
177,w
177,i
177,z
177,s
177,r
177,b
177,ab
177,aa
177,n
177,t
177,n
177,t
177,n
177,u
177,i
177,aa
177,ab
177,n
177,t
177,n
177,t
177,n
177,u
177,i
177,ab
177,aa
177,n
177,t
177,n
177,u
177,i
177,aa
177,ab
177,n
177,t
177,n
177,t
177,n
177,t
177,n
177,t
177,n
177,t
177,n
177,u
177,i
177,aa
177,ab
177,n
177,u
177,aa
177,i
177,ab
177,x
177,a
177,p
177,w
177,c
177,g
177,ac
178,c
178,g
178,ac
178,e
179,q
179,a
179,c
179,f
179,ad
179,c
179,g
179,k
179,d
179,l
179,k
179,d
179,l
179,l
179,k
179,d
179,k
179,l
179,d
179,v
179,ae
179,c
179,g
179,ac
180,p
180,a
180,p
180,p
180,p
180,w
180,c
180,ad
180,f
180,c
180,g
180,l
180,d
180,k
180,m
180,y
180,c
180,ad
180,f
180,c
180,f
180,ad
180,c
180,ad
180,f
180,c
180,g
180,ac
181,aa
181,i
181,r
181,ab
181,b
181,o
181,z
181,a
181,q
181,c
181,g
181,ac
181,e
182,af
182,q
182,a
182,b
182,a
182,p
182,w
182,c
182,f
182,ad
182,c
182,g
182,d
182,l
182,k
182,d
182,l
182,k
182,m
182,y
182,c
182,ad
182,f
182,c
182,g
182,e
183,a
183,q
183,i
183,s
183,aa
183,j
183,b
183,z
183,ab
183,n
183,u
183,aa
183,i
183,ab
183,o
183,af
183,a
183,s
183,b
183,z
183,c
183,ad
183,f
183,c
183,g
183,k
183,l
183,d
183,k
183,l
183,d
183,ae
183,v
183,c
183,g
183,e
183,ac
184,c
184,g
184,ac
185,r
185,i
185,s
185,ab
185,aa
185,x
185,i
185,s
185,ab
185,b
185,z
185,aa
185,n
185,u
185,r
185,aa
185,i
185,ab
185,n
185,t
185,n
185,t
185,n
185,t
185,n
185,u
185,aa
185,i
185,ab
185,o
185,q
185,a
185,i
185,aa
185,j
185,z
185,b
185,ab
185,n
185,u
185,i
185,ab
185,aa
185,x
185,c
185,g
185,e
186,af
186,a
186,c
186,g
186,l
186,k
186,d
186,d
186,l
186,k
186,h
186,c
186,g
186,d
186,l
186,k
186,v
186,ae
186,c
186,ad
186,f
186,c
186,g
186,ac
187,c
187,g
187,ac
187,e
188,i
188,r
188,aa
188,s
188,z
188,ab
188,n
188,u
188,i
188,ab
188,aa
188,o
188,af
188,q
188,a
188,c
188,f
188,ad
188,c
188,ad
188,f
188,c
188,g
188,l
188,d
188,k
188,l
188,d
188,k
188,d
188,l
188,k
188,h
188,c
188,f
188,ad
188,c
188,g
188,k
188,l
188,d
188,l
188,d
188,k
188,m
188,y
188,c
188,g
188,e
189,a
189,q
189,af
189,s
189,b
189,z
189,c
189,g
189,e
190,p
190,a
190,p
190,w
190,i
190,aa
190,z
190,b
190,r
190,ab
190,x
190,c
190,f
190,ad
190,c
190,g
190,ac
190,e
191,c
191,f
191,ad
191,c
191,g
191,l
191,d
191,k
191,h
191,c
191,ad
191,f
191,c
191,ad
191,f
191,c
191,g
191,d
191,k
191,l
191,m
191,y
191,c
191,f
191,ad
191,c
191,ad
191,f
191,c
191,f
191,ad
191,c
191,f
191,ad
191,c
191,g
191,e
192,c
192,g
192,d
192,k
192,l
192,l
192,k
192,d
192,ae
192,v
192,c
192,f
192,ad
192,c
192,f
192,ad
192,c
192,g
192,l
192,d
192,k
192,h
192,c
192,f
192,ad
192,c
192,ad
192,f
192,c
192,ad
192,f
192,c
192,g
192,k
192,l
192,d
192,d
192,l
192,k
192,v
192,ae
192,c
192,f
192,ad
192,c
192,g
192,e
192,ac
193,c
193,ad
193,f
193,c
193,ad
193,f
193,c
193,g
193,d
193,k
193,l
193,v
193,ae
193,c
193,f
193,ad
193,c
193,g
193,ac
194,s
194,aa
194,b
194,j
194,i
194,ab
194,n
194,t
194,n
194,u
194,i
194,aa
194,ab
194,n
194,u
194,aa
194,i
194,ab
194,x
194,s
194,z
194,z
194,i
194,b
194,ab
194,r
194,aa
194,s
194,n
194,u
194,i
194,ab
194,aa
194,n
194,u
194,aa
194,i
194,ab
194,n
194,t
194,n
194,t
194,n
194,t
194,n
194,t
194,n
194,u
194,aa
194,i
194,ab
194,n
194,t
194,n
194,t
194,n
194,u
194,aa
194,i
194,ab
194,n
194,u
194,aa
194,i
194,ab
194,x
194,a
194,p
194,w
194,aa
194,i
194,ab
194,z
194,b
194,n
194,r
194,t
194,n
194,u
194,aa
194,i
194,ab
194,o
194,p
194,a
194,p
194,p
194,w
194,s
194,i
194,r
194,b
194,z
194,aa
194,ab
194,n
194,t
194,n
194,u
194,aa
194,i
194,ab
194,n
194,t
194,n
194,t
194,n
194,t
194,n
194,t
194,n
194,u
194,i
194,aa
194,ab
194,o
194,a
194,p
194,w
194,b
194,s
194,p
194,a
194,w
194,c
194,ad
194,f
194,c
194,g
194,ac
194,e
195,a
195,p
195,p
195,p
195,p
195,p
195,w
195,z
195,aa
195,j
195,i
195,ab
195,n
195,t
195,n
195,u
195,i
195,ab
195,aa
195,n
195,u
195,i
195,aa
195,ab
195,n
195,t
195,n
195,t
195,n
195,t
195,n
195,u
195,i
195,aa
195,ab
195,n
195,t
195,n
195,t
195,n
195,u
195,i
195,aa
195,ab
195,n
195,u
195,aa
195,i
195,ab
195,n
195,u
195,aa
195,i
195,ab
195,n
195,t
195,n
195,u
195,aa
195,i
195,ab
195,n
195,u
195,aa
195,i
195,ab
195,x
195,a
195,q
195,z
195,s
195,b
195,a
195,af
195,q
195,aa
195,j
195,b
195,i
195,ab
195,x
195,a
195,af
195,b
195,z
195,af
195,q
195,a
195,c
195,g
195,ac
196,z
196,i
196,aa
196,b
196,j
196,ab
196,o
196,p
196,a
196,w
196,i
196,ab
196,j
196,aa
196,b
196,z
196,o
196,c
196,g
196,k
196,d
196,l
196,m
196,y
196,c
196,f
196,ad
196,c
196,f
196,ad
196,c
196,g
196,e
196,ac
197,b
197,c
197,ad
197,f
197,c
197,g
197,l
197,k
197,d
197,k
197,l
197,d
197,k
197,d
197,l
197,m
197,y
197,c
197,g
197,ac
197,e
198,a
198,q
198,z
198,b
198,q
198,af
198,a
198,c
198,g
198,l
198,k
198,d
198,h
198,c
198,ad
198,f
198,c
198,g
198,ac
198,e
199,j
199,i
199,aa
199,ab
199,o
199,i
199,aa
199,r
199,ab
199,o
199,p
199,a
199,p
199,w
199,i
199,ab
199,j
199,b
199,z
199,aa
199,s
199,n
199,t
199,n
199,u
199,aa
199,i
199,ab
199,n
199,t
199,n
199,t
199,n
199,t
199,n
199,t
199,n
199,t
199,n
199,t
199,n
199,t
199,n
199,u
199,aa
199,i
199,ab
199,x
199,s
199,c
199,ad
199,f
199,c
199,g
199,ac
200,p
200,a
200,p
200,w
200,r
200,aa
200,i
200,ab
200,s
200,b
200,n
200,u
200,i
200,aa
200,ab
200,o
200,q
200,a
200,af
200,b
200,c
200,g
200,k
200,d
200,l
200,l
200,k
200,d
200,h
200,c
200,f
200,ad
200,c
200,ad
200,f
200,c
200,g
200,l
200,k
200,d
200,d
200,k
200,l
200,d
200,l
200,k
200,d
200,k
200,l
200,l
200,d
200,k
200,m
200,y
200,c
200,g
200,ac
201,j
201,z
201,aa
201,i
201,ab
201,n
201,t
201,n
201,u
201,aa
201,i
201,ab
201,o
201,a
201,p
201,p
201,p
201,p
201,p
201,w
201,s
201,z
201,c
201,f
201,ad
201,c
201,ad
201,f
201,c
201,f
201,ad
201,c
201,g
201,k
201,l
201,d
201,ae
201,v
201,c
201,g
201,d
201,k
201,l
201,ae
201,v
201,c
201,ad
201,f
201,c
201,g
201,k
201,d
201,l
201,k
201,d
201,l
201,m
201,y
201,c
201,ad
201,f
201,c
201,g
201,ac
202,p
202,a
202,w
202,c
202,g
202,ac
202,e
203,p
203,a
203,p
203,p
203,p
203,p
203,w
203,c
203,ad
203,f
203,c
203,f
203,ad
203,c
203,f
203,ad
203,c
203,g
203,e
204,af
204,a
204,q
204,c
204,g
204,d
204,l
204,k
204,d
204,k
204,l
204,d
204,l
204,k
204,ae
204,v
204,c
204,g
204,ac
204,e
205,c
205,g
205,l
205,d
205,k
205,ae
205,v
205,c
205,g
205,l
205,k
205,d
205,m
205,y
205,c
205,g
205,k
205,d
205,l
205,l
205,k
205,d
205,ae
205,v
205,c
205,g
205,d
205,l
205,k
205,h
205,c
205,ad
205,f
205,c
205,g
205,ac
206,af
206,q
206,a
206,c
206,f
206,ad
206,c
206,ad
206,f
206,c
206,ad
206,f
206,c
206,f
206,ad
206,c
206,ad
206,f
206,c
206,g
206,d
206,l
206,k
206,h
206,c
206,ad
206,f
206,c
206,g
206,ac
207,c
207,g
207,l
207,d
207,k
207,k
207,l
207,d
207,k
207,l
207,d
207,h
207,c
207,g
207,k
207,l
207,d
207,k
207,d
207,l
207,h
207,c
207,g
207,e
208,c
208,g
208,l
208,d
208,k
208,d
208,l
208,k
208,m
208,y
208,c
208,g
208,e
209,c
209,f
209,ad
209,c
209,g
209,ac
209,e
210,p
210,a
210,w
210,z
210,s
210,r
210,aa
210,i
210,ab
210,n
210,u
210,i
210,aa
210,ab
210,n
210,t
210,n
210,t
210,n
210,u
210,i
210,aa
210,ab
210,n
210,u
210,aa
210,i
210,ab
210,n
210,t
210,n
210,u
210,i
210,ab
210,aa
210,n
210,u
210,i
210,ab
210,aa
210,n
210,u
210,aa
210,i
210,ab
210,n
210,u
210,i
210,aa
210,ab
210,n
210,t
210,n
210,t
210,n
210,t
210,n
210,t
210,n
210,t
210,n
210,u
210,i
210,ab
210,aa
210,n
210,t
210,n
210,t
210,n
210,t
210,n
210,t
210,n
210,u
210,aa
210,i
210,ab
210,n
210,t
210,n
210,u
210,aa
210,i
210,ab
210,n
210,u
210,aa
210,i
210,ab
210,o
210,q
210,a
210,z
210,aa
210,i
210,r
210,ab
210,x
210,p
210,a
210,p
210,p
210,p
210,w
210,c
210,ad
210,f
210,c
210,ad
210,f
210,c
210,g
210,ac
210,e
211,i
211,aa
211,s
211,b
211,j
211,z
211,ab
211,n
211,t
211,n
211,t
211,n
211,t
211,n
211,u
211,aa
211,i
211,ab
211,x
211,q
211,a
211,af
211,c
211,ad
211,f
211,c
211,ad
211,f
211,c
211,f
211,ad
211,c
211,g
211,l
211,d
211,k
211,d
211,l
211,k
211,d
211,k
211,l
211,d
211,l
211,k
211,d
211,k
211,l
211,d
211,l
211,k
211,ae
211,v
211,c
211,g
211,k
211,l
211,d
211,h
211,c
211,ad
211,f
211,c
211,g
211,k
211,d
211,l
211,l
211,k
211,d
211,m
211,y
211,c
211,f
211,ad
211,c
211,g
211,k
211,l
211,d
211,h
211,c
211,f
211,ad
211,c
211,g
211,d
211,k
211,l
211,k
211,l
211,d
211,h
211,c
211,g
211,k
211,d
211,l
211,ae
211,v
211,c
211,ad
211,f
211,c
211,g
211,ac
211,e
212,q
212,af
212,a
212,i
212,j
212,b
212,z
212,aa
212,s
212,ab
212,n
212,u
212,aa
212,i
212,ab
212,n
212,u
212,aa
212,i
212,ab
212,x
212,p
212,a
212,w
212,c
212,f
212,ad
212,c
212,g
212,d
212,k
212,l
212,h
212,c
212,g
212,e
212,ac
213,s
213,b
213,a
213,p
213,w
213,z
213,aa
213,j
213,i
213,s
213,ab
213,o
213,a
213,p
213,w
213,b
213,z
213,s
213,z
213,s
213,c
213,ad
213,f
213,c
213,f
213,ad
213,c
213,f
213,ad
213,c
213,g
213,ac
214,a
214,q
214,i
214,r
214,ab
214,aa
214,x
214,a
214,q
214,af
214,aa
214,j
214,b
214,i
214,z
214,ab
214,x
214,a
214,af
214,q
214,c
214,f
214,ad
214,c
214,g
214,e
215,i
215,b
215,s
215,z
215,j
215,ab
215,aa
215,n
215,u
215,aa
215,i
215,ab
215,x
215,c
215,f
215,ad
215,c
215,f
215,ad
215,c
215,g
215,e
215,ac
216,a
216,p
216,w
216,j
216,i
216,aa
216,s
216,ab
216,x
216,a
216,p
216,w
216,c
216,f
216,ad
216,c
216,g
216,l
216,k
216,d
216,h
216,c
216,ad
216,f
216,c
216,f
216,ad
216,c
216,g
216,l
216,k
216,d
216,d
216,k
216,l
216,l
216,k
216,d
216,l
216,k
216,d
216,k
216,l
216,d
216,h
216,c
216,g
216,e
217,z
217,i
217,ab
217,aa
217,b
217,s
217,r
217,n
217,u
217,i
217,aa
217,ab
217,n
217,t
217,n
217,u
217,i
217,ab
217,aa
217,x
217,s
217,j
217,z
217,i
217,aa
217,ab
217,n
217,u
217,i
217,aa
217,ab
217,n
217,u
217,aa
217,i
217,ab
217,x
217,af
217,a
217,q
217,c
217,g
217,k
217,d
217,l
217,k
217,d
217,l
217,k
217,d
217,l
217,ae
217,v
217,c
217,g
217,l
217,d
217,k
217,v
217,ae
217,c
217,ad
217,f
217,c
217,g
217,e
217,ac
218,c
218,g
218,d
218,l
218,k
218,k
218,d
218,l
218,l
218,d
218,k
218,ae
218,v
218,c
218,g
218,d
218,k
218,l
218,l
218,k
218,d
218,v
218,ae
218,c
218,g
218,l
218,k
218,d
218,l
218,k
218,d
218,m
218,y
218,c
218,g
218,k
218,d
218,l
218,l
218,k
218,d
218,m
218,y
218,c
218,ad
218,f
218,c
218,g
218,d
218,l
218,k
218,v
218,ae
218,c
218,ad
218,f
218,c
218,ad
218,f
218,c
218,f
218,ad
218,c
218,f
218,ad
218,c
218,g
218,d
218,l
218,k
218,m
218,y
218,c
218,g
218,d
218,k
218,l
218,m
218,y
218,c
218,g
218,ac
219,q
219,a
219,af
219,c
219,ad
219,f
219,c
219,g
219,ac
219,e
220,c
220,g
220,e
220,ac
221,a
221,q
221,r
221,b
221,z
221,aa
221,i
221,ab
221,n
221,t
221,n
221,u
221,aa
221,i
221,ab
221,n
221,u
221,i
221,ab
221,aa
221,n
221,u
221,aa
221,i
221,ab
221,n
221,u
221,i
221,aa
221,ab
221,o
221,aa
221,i
221,s
221,b
221,r
221,z
221,ab
221,o
221,q
221,a
221,af
221,i
221,s
221,j
221,aa
221,z
221,ab
221,x
221,a
221,af
221,aa
221,s
221,i
221,r
221,b
221,z
221,ab
221,o
221,a
221,p
221,w
221,z
221,r
221,i
221,aa
221,ab
221,n
221,t
221,n
221,t
221,n
221,t
221,n
221,t
221,n
221,t
221,n
221,t
221,n
221,u
221,i
221,ab
221,aa
221,n
221,u
221,aa
221,i
221,ab
221,n
221,t
221,n
221,u
221,aa
221,i
221,ab
221,n
221,u
221,i
221,ab
221,aa
221,n
221,t
221,n
221,u
221,aa
221,i
221,ab
221,x
221,c
221,ad
221,f
221,c
221,g
221,l
221,k
221,d
221,h
221,c
221,f
221,ad
221,c
221,g
221,ac
222,i
222,z
222,ab
222,aa
222,o
222,s
222,r
222,aa
222,b
222,i
222,r
222,ab
222,n
222,t
222,n
222,t
222,n
222,t
222,n
222,t
222,n
222,u
222,i
222,aa
222,ab
222,o
222,b
222,aa
222,j
222,i
222,ab
222,s
222,z
222,o
222,c
222,ad
222,f
222,c
222,f
222,ad
222,c
222,f
222,ad
222,c
222,f
222,ad
222,c
222,g
222,k
222,l
222,d
222,l
222,d
222,k
222,m
222,y
222,c
222,g
222,ac
222,e
223,p
223,a
223,p
223,p
223,w
223,c
223,ad
223,f
223,c
223,ad
223,f
223,c
223,ad
223,f
223,c
223,g
223,l
223,d
223,k
223,v
223,ae
223,c
223,g
223,d
223,k
223,l
223,ae
223,v
223,c
223,f
223,ad
223,c
223,f
223,ad
223,c
223,ad
223,f
223,c
223,g
223,e
223,ac
224,p
224,a
224,w
224,c
224,g
224,ac
224,e
225,a
225,p
225,p
225,p
225,w
225,c
225,g
225,ac
225,e
226,af
226,a
226,q
226,s
226,j
226,aa
226,i
226,z
226,ab
226,x
226,c
226,g
226,k
226,l
226,d
226,l
226,k
226,d
226,k
226,d
226,l
226,k
226,d
226,l
226,d
226,k
226,l
226,l
226,d
226,k
226,ae
226,v
226,c
226,g
226,l
226,d
226,k
226,k
226,d
226,l
226,k
226,d
226,l
226,m
226,y
226,c
226,ad
226,f
226,c
226,g
226,ac
226,e
227,p
227,a
227,w
227,c
227,f
227,ad
227,c
227,ad
227,f
227,c
227,g
227,ac
228,c
228,f
228,ad
228,c
228,g
228,k
228,d
228,l
228,k
228,d
228,l
228,h
228,c
228,g
228,e
229,a
229,p
229,w
229,c
229,f
229,ad
229,c
229,g
229,l
229,k
229,d
229,d
229,k
229,l
229,h
229,c
229,f
229,ad
229,c
229,ad
229,f
229,c
229,ad
229,f
229,c
229,g
229,ac
229,e
230,z
230,s
230,j
230,aa
230,i
230,ab
230,n
230,u
230,aa
230,i
230,ab
230,n
230,u
230,aa
230,i
230,ab
230,n
230,u
230,i
230,ab
230,aa
230,o
230,c
230,g
230,e
231,s
231,z
231,j
231,i
231,aa
231,ab
231,o
231,z
231,s
231,c
231,g
231,e
231,ac
232,a
232,q
232,af
232,c
232,f
232,ad
232,c
232,f
232,ad
232,c
232,g
232,d
232,l
232,k
232,ae
232,v
232,c
232,f
232,ad
232,c
232,f
232,ad
232,c
232,g
232,l
232,k
232,d
232,k
232,l
232,d
232,k
232,l
232,d
232,k
232,d
232,l
232,m
232,y
232,c
232,g
232,d
232,k
232,l
232,l
232,k
232,d
232,k
232,d
232,l
232,v
232,ae
232,c
232,g
232,l
232,d
232,k
232,k
232,d
232,l
232,k
232,l
232,d
232,h
232,c
232,g
232,l
232,k
232,d
232,k
232,l
232,d
232,l
232,k
232,d
232,h
232,c
232,g
232,e
233,p
233,a
233,w
233,z
233,j
233,s
233,i
233,ab
233,aa
233,b
233,n
233,u
233,i
233,ab
233,aa
233,x
233,z
233,s
233,b
233,q
233,a
233,af
233,c
233,g
233,e
233,ac
234,aa
234,j
234,i
234,b
234,ab
234,n
234,u
234,aa
234,i
234,ab
234,o
234,af
234,a
234,aa
234,j
234,b
234,s
234,i
234,ab
234,o
234,c
234,f
234,ad
234,c
234,g
234,e
235,p
235,p
235,a
235,p
235,w
235,b
235,i
235,aa
235,r
235,ab
235,x
235,c
235,f
235,ad
235,c
235,g
235,d
235,l
235,k
235,m
235,y
235,c
235,ad
235,f
235,c
235,ad
235,f
235,c
235,ad
235,f
235,c
235,g
235,ac
235,e
236,c
236,f
236,ad
236,c
236,g
236,ac
237,af
237,a
237,z
237,b
237,b
237,s
237,c
237,ad
237,f
237,c
237,g
237,e
238,i
238,j
238,s
238,b
238,aa
238,ab
238,x
238,c
238,ad
238,f
238,c
238,g
238,e
238,ac
239,p
239,a
239,w
239,c
239,g
239,ac
240,c
240,g
240,k
240,d
240,l
240,k
240,l
240,d
240,d
240,k
240,l
240,m
240,y
240,c
240,g
240,ac
240,e
241,c
241,ad
241,f
241,c
241,g
241,l
241,k
241,d
241,m
241,y
241,c
241,f
241,ad
241,c
241,ad
241,f
241,c
241,f
241,ad
241,c
241,ad
241,f
241,c
241,ad
241,f
241,c
241,ad
241,f
241,c
241,g
241,d
241,k
241,l
241,v
241,ae
241,c
241,ad
241,f
241,c
241,f
241,ad
241,c
241,ad
241,f
241,c
241,f
241,ad
241,c
241,g
241,d
241,l
241,k
241,v
241,ae
241,c
241,ad
241,f
241,c
241,ad
241,f
241,c
241,g
241,l
241,d
241,k
241,ae
241,v
241,c
241,f
241,ad
241,c
241,g
241,e
242,r
242,aa
242,s
242,b
242,i
242,ab
242,n
242,u
242,aa
242,i
242,ab
242,o
242,c
242,g
242,ac
242,e
243,q
243,a
243,af
243,s
243,z
243,c
243,ad
243,f
243,c
243,ad
243,f
243,c
243,g
243,ac
243,e
244,s
244,z
244,aa
244,r
244,i
244,ab
244,x
244,af
244,q
244,a
244,c
244,ad
244,f
244,c
244,g
244,d
244,l
244,k
244,k
244,l
244,d
244,l
244,k
244,d
244,k
244,d
244,l
244,m
244,y
244,c
244,g
244,ac
245,q
245,af
245,a
245,c
245,f
245,ad
245,c
245,g
245,ac
245,e
246,c
246,ad
246,f
246,c
246,g
246,ac
247,i
247,ab
247,z
247,aa
247,j
247,b
247,n
247,s
247,t
247,n
247,t
247,n
247,t
247,n
247,t
247,n
247,t
247,n
247,u
247,aa
247,i
247,ab
247,n
247,t
247,n
247,u
247,aa
247,i
247,ab
247,n
247,t
247,n
247,t
247,n
247,t
247,n
247,t
247,n
247,u
247,i
247,aa
247,ab
247,x
247,p
247,w
247,a
247,j
247,b
247,i
247,ab
247,aa
247,n
247,u
247,i
247,ab
247,aa
247,n
247,u
247,aa
247,i
247,ab
247,n
247,u
247,i
247,aa
247,ab
247,o
247,z
247,s
247,aa
247,j
247,i
247,ab
247,o
247,a
247,p
247,w
247,c
247,g
247,d
247,l
247,k
247,k
247,l
247,d
247,d
247,k
247,l
247,k
247,d
247,l
247,v
247,ae
247,c
247,ad
247,f
247,c
247,g
247,k
247,d
247,l
247,m
247,y
247,c
247,f
247,ad
247,c
247,g
247,ac
248,c
248,ad
248,f
248,c
248,f
248,ad
248,c
248,ad
248,f
248,c
248,g
248,e
248,ac
249,a
249,q
249,af
249,c
249,g
249,d
249,k
249,l
249,m
249,y
249,c
249,f
249,ad
249,c
249,g
249,l
249,k
249,d
249,h
249,c
249,f
249,ad
249,c
249,g
249,ac
250,z
250,j
250,aa
250,i
250,ab
250,x
250,c
250,g
250,ac
251,j
251,aa
251,i
251,z
251,ab
251,o
251,a
251,af
251,c
251,f
251,ad
251,c
251,g
251,k
251,d
251,l
251,m
251,y
251,c
251,f
251,ad
251,c
251,f
251,ad
251,c
251,f
251,ad
251,c
251,g
251,d
251,l
251,k
251,k
251,l
251,d
251,l
251,k
251,d
251,d
251,k
251,l
251,m
251,y
251,c
251,f
251,ad
251,c
251,ad
251,f
251,c
251,f
251,ad
251,c
251,g
251,d
251,l
251,k
251,d
251,k
251,l
251,h
251,c
251,ad
251,f
251,c
251,f
251,ad
251,c
251,g
251,k
251,d
251,l
251,h
251,c
251,ad
251,f
251,c
251,ad
251,f
251,c
251,g
251,l
251,d
251,k
251,k
251,d
251,l
251,ae
251,v
251,c
251,f
251,ad
251,c
251,ad
251,f
251,c
251,f
251,ad
251,c
251,g
251,k
251,d
251,l
251,l
251,d
251,k
251,v
251,ae
251,c
251,g
251,ac
251,e
252,p
252,p
252,a
252,p
252,w
252,c
252,f
252,ad
252,c
252,g
252,ac
253,a
253,p
253,p
253,w
253,c
253,g
253,l
253,d
253,k
253,k
253,d
253,l
253,d
253,l
253,k
253,k
253,d
253,l
253,m
253,y
253,c
253,f
253,ad
253,c
253,g
253,e
254,b
254,z
254,s
254,a
254,p
254,p
254,p
254,p
254,p
254,p
254,w
254,s
254,r
254,aa
254,b
254,i
254,ab
254,n
254,u
254,i
254,aa
254,ab
254,o
254,b
254,z
254,s
254,p
254,a
254,w
254,z
254,a
254,p
254,w
254,s
254,b
254,z
254,aa
254,z
254,i
254,j
254,ab
254,n
254,t
254,n
254,t
254,n
254,u
254,aa
254,i
254,ab
254,o
254,af
254,q
254,a
254,c
254,g
254,d
254,k
254,l
254,l
254,k
254,d
254,h
254,c
254,ad
254,f
254,c
254,ad
254,f
254,c
254,ad
254,f
254,c
254,ad
254,f
254,c
254,g
254,ac
255,c
255,g
255,d
255,l
255,k
255,h
255,c
255,ad
255,f
255,c
255,g
255,l
255,k
255,d
255,h
255,c
255,g
255,e
256,c
256,g
256,ac
257,c
257,f
257,ad
257,c
257,f
257,ad
257,c
257,f
257,ad
257,c
257,g
257,ac
258,r
258,s
258,z
258,aa
258,i
258,ab
258,n
258,t
258,n
258,t
258,n
258,u
258,i
258,aa
258,ab
258,x
258,a
258,p
258,p
258,p
258,w
258,c
258,ad
258,f
258,c
258,g
258,d
258,l
258,k
258,h
258,c
258,g
258,l
258,k
258,d
258,h
258,c
258,f
258,ad
258,c
258,g
258,e
259,c
259,g
259,k
259,l
259,d
259,ae
259,v
259,c
259,f
259,ad
259,c
259,g
259,ac
259,e
260,a
260,p
260,w
260,i
260,ab
260,r
260,aa
260,n
260,t
260,n
260,t
260,n
260,t
260,n
260,t
260,n
260,u
260,aa
260,i
260,ab
260,x
260,c
260,ad
260,f
260,c
260,f
260,ad
260,c
260,g
260,k
260,d
260,l
260,h
260,c
260,g
260,e
260,ac
261,a
261,q
261,af
261,c
261,ad
261,f
261,c
261,g
261,e
261,ac
262,b
262,z
262,s
262,p
262,a
262,w
262,b
262,z
262,s
262,a
262,af
262,q
262,c
262,g
262,k
262,d
262,l
262,m
262,y
262,c
262,ad
262,f
262,c
262,g
262,l
262,k
262,d
262,d
262,l
262,k
262,k
262,l
262,d
262,v
262,ae
262,c
262,g
262,ac
263,c
263,g
263,e
264,c
264,f
264,ad
264,c
264,g
264,l
264,k
264,d
264,m
264,y
264,c
264,g
264,e
264,ac
265,s
265,p
265,a
265,p
265,w
265,c
265,g
265,e
265,ac
266,c
266,ad
266,f
266,c
266,g
266,e
267,s
267,b
267,af
267,q
267,a
267,i
267,j
267,ab
267,aa
267,b
267,s
267,n
267,z
267,u
267,aa
267,i
267,ab
267,n
267,u
267,aa
267,i
267,ab
267,o
267,b
267,aa
267,i
267,r
267,s
267,ab
267,o
267,c
267,g
267,e
267,ac
268,c
268,g
268,l
268,d
268,k
268,l
268,k
268,d
268,h
268,c
268,f
268,ad
268,c
268,g
268,d
268,k
268,l
268,d
268,l
268,k
268,v
268,ae
268,c
268,ad
268,f
268,c
268,g
268,k
268,l
268,d
268,h
268,c
268,ad
268,f
268,c
268,g
268,e
268,ac
269,i
269,j
269,aa
269,s
269,b
269,z
269,ab
269,n
269,t
269,n
269,u
269,aa
269,i
269,ab
269,n
269,u
269,i
269,ab
269,aa
269,o
269,c
269,g
269,k
269,d
269,l
269,l
269,k
269,d
269,m
269,y
269,c
269,g
269,k
269,d
269,l
269,v
269,ae
269,c
269,g
269,d
269,k
269,l
269,k
269,l
269,d
269,d
269,k
269,l
269,l
269,k
269,d
269,ae
269,v
269,c
269,ad
269,f
269,c
269,g
269,k
269,d
269,l
269,l
269,k
269,d
269,ae
269,v
269,c
269,g
269,ac
269,e
270,p
270,a
270,w
270,s
270,aa
270,j
270,i
270,b
270,ab
270,n
270,u
270,i
270,aa
270,ab
270,o
270,b
270,i
270,s
270,r
270,aa
270,ab
270,o
270,af
270,a
270,q
270,j
270,z
270,aa
270,i
270,b
270,s
270,ab
270,o
270,a
270,q
270,af
270,c
270,ad
270,f
270,c
270,ad
270,f
270,c
270,g
270,e
271,b
271,c
271,g
271,e
272,z
272,s
272,b
272,z
272,b
272,s
272,s
272,b
272,p
272,a
272,w
272,c
272,g
272,ac
272,e
273,af
273,a
273,aa
273,s
273,j
273,i
273,ab
273,x
273,af
273,q
273,a
273,c
273,ad
273,f
273,c
273,g
273,ac
274,a
274,p
274,p
274,w
274,c
274,ad
274,f
274,c
274,f
274,ad
274,c
274,ad
274,f
274,c
274,g
274,ac
275,af
275,q
275,a
275,c
275,f
275,ad
275,c
275,g
275,l
275,d
275,k
275,l
275,k
275,d
275,v
275,ae
275,c
275,g
275,e
276,af
276,q
276,a
276,b
276,z
276,b
276,z
276,b
276,a
276,p
276,w
276,c
276,f
276,ad
276,c
276,g
276,l
276,d
276,k
276,k
276,l
276,d
276,k
276,l
276,d
276,d
276,k
276,l
276,ae
276,v
276,c
276,ad
276,f
276,c
276,g
276,ac
277,a
277,q
277,i
277,aa
277,s
277,ab
277,z
277,b
277,j
277,x
277,p
277,a
277,w
277,s
277,i
277,b
277,aa
277,j
277,ab
277,o
277,c
277,f
277,ad
277,c
277,g
277,d
277,l
277,k
277,d
277,l
277,k
277,ae
277,v
277,c
277,f
277,ad
277,c
277,ad
277,f
277,c
277,g
277,l
277,k
277,d
277,v
277,ae
277,c
277,g
277,e
278,a
278,q
278,af
278,c
278,f
278,ad
278,c
278,g
278,ac
278,e
279,b
279,r
279,z
279,aa
279,i
279,ab
279,x
279,a
279,af
279,c
279,g
279,ac
280,a
280,p
280,w
280,c
280,f
280,ad
280,c
280,g
280,l
280,d
280,k
280,k
280,d
280,l
280,d
280,l
280,k
280,m
280,y
280,c
280,ad
280,f
280,c
280,f
280,ad
280,c
280,g
280,ac
281,s
281,j
281,i
281,ab
281,b
281,aa
281,o
281,p
281,a
281,p
281,w
281,b
281,s
281,z
281,c
281,f
281,ad
281,c
281,ad
281,f
281,c
281,g
281,ac
282,af
282,q
282,a
282,c
282,f
282,ad
282,c
282,f
282,ad
282,c
282,f
282,ad
282,c
282,g
282,ac
283,c
283,g
283,k
283,d
283,l
283,d
283,l
283,k
283,h
283,c
283,f
283,ad
283,c
283,f
283,ad
283,c
283,ad
283,f
283,c
283,g
283,ac
283,e
284,a
284,p
284,w
284,c
284,ad
284,f
284,c
284,g
284,d
284,k
284,l
284,l
284,d
284,k
284,l
284,k
284,d
284,ae
284,v
284,c
284,g
284,k
284,l
284,d
284,v
284,ae
284,c
284,g
284,k
284,l
284,d
284,k
284,d
284,l
284,d
284,l
284,k
284,l
284,d
284,k
284,v
284,ae
284,c
284,ad
284,f
284,c
284,g
284,e
284,ac
285,aa
285,i
285,r
285,s
285,z
285,ab
285,x
285,p
285,a
285,p
285,p
285,w
285,r
285,aa
285,i
285,s
285,ab
285,n
285,u
285,aa
285,i
285,ab
285,n
285,u
285,i
285,ab
285,aa
285,o
285,aa
285,z
285,j
285,s
285,i
285,ab
285,o
285,j
285,aa
285,z
285,s
285,i
285,ab
285,o
285,a
285,p
285,w
285,z
285,b
285,aa
285,b
285,r
285,s
285,i
285,ab
285,n
285,u
285,aa
285,i
285,ab
285,o
285,p
285,w
285,a
285,c
285,g
285,d
285,k
285,l
285,k
285,d
285,l
285,k
285,d
285,l
285,k
285,d
285,l
285,h
285,c
285,f
285,ad
285,c
285,f
285,ad
285,c
285,f
285,ad
285,c
285,ad
285,f
285,c
285,ad
285,f
285,c
285,g
285,l
285,k
285,d
285,h
285,c
285,g
285,l
285,k
285,d
285,v
285,ae
285,c
285,g
285,ac
285,e
286,af
286,q
286,a
286,s
286,j
286,i
286,aa
286,b
286,ab
286,o
286,z
286,b
286,z
286,s
286,b
286,b
286,s
286,p
286,a
286,p
286,p
286,w
286,c
286,ad
286,f
286,c
286,g
286,l
286,k
286,d
286,v
286,ae
286,c
286,ad
286,f
286,c
286,ad
286,f
286,c
286,g
286,e
286,ac
287,c
287,g
287,ac
288,c
288,g
288,k
288,d
288,l
288,l
288,k
288,d
288,h
288,c
288,ad
288,f
288,c
288,f
288,ad
288,c
288,ad
288,f
288,c
288,f
288,ad
288,c
288,ad
288,f
288,c
288,ad
288,f
288,c
288,g
288,ac
288,e
289,b
289,z
289,s
289,p
289,a
289,p
289,w
289,c
289,ad
289,f
289,c
289,ad
289,f
289,c
289,g
289,d
289,k
289,l
289,l
289,k
289,d
289,ae
289,v
289,c
289,f
289,ad
289,c
289,g
289,l
289,d
289,k
289,v
289,ae
289,c
289,f
289,ad
289,c
289,f
289,ad
289,c
289,f
289,ad
289,c
289,g
289,l
289,d
289,k
289,h
289,c
289,f
289,ad
289,c
289,g
289,e
289,ac
290,aa
290,z
290,r
290,i
290,ab
290,s
290,n
290,t
290,n
290,t
290,n
290,t
290,n
290,t
290,n
290,u
290,aa
290,i
290,ab
290,x
290,aa
290,b
290,i
290,r
290,z
290,ab
290,n
290,t
290,n
290,t
290,n
290,u
290,i
290,ab
290,aa
290,x
290,p
290,a
290,p
290,p
290,w
290,s
290,b
290,a
290,q
290,c
290,g
290,ac
291,c
291,g
291,l
291,d
291,k
291,ae
291,v
291,c
291,g
291,l
291,d
291,k
291,h
291,c
291,f
291,ad
291,c
291,g
291,l
291,k
291,d
291,h
291,c
291,f
291,ad
291,c
291,g
291,k
291,l
291,d
291,h
291,c
291,ad
291,f
291,c
291,ad
291,f
291,c
291,g
291,ac
292,q
292,a
292,c
292,ad
292,f
292,c
292,f
292,ad
292,c
292,f
292,ad
292,c
292,g
292,d
292,k
292,l
292,d
292,k
292,l
292,k
292,l
292,d
292,h
292,c
292,ad
292,f
292,c
292,f
292,ad
292,c
292,g
292,ac
292,e
293,b
293,z
293,p
293,a
293,p
293,p
293,p
293,p
293,w
293,c
293,ad
293,f
293,c
293,f
293,ad
293,c
293,f
293,ad
293,c
293,ad
293,f
293,c
293,f
293,ad
293,c
293,f
293,ad
293,c
293,g
293,k
293,l
293,d
293,l
293,k
293,d
293,l
293,k
293,d
293,m
293,y
293,c
293,g
293,k
293,l
293,d
293,k
293,l
293,d
293,d
293,l
293,k
293,d
293,l
293,k
293,k
293,d
293,l
293,d
293,l
293,k
293,h
293,c
293,g
293,e
293,ac
294,aa
294,r
294,z
294,i
294,ab
294,n
294,t
294,n
294,t
294,n
294,u
294,aa
294,i
294,ab
294,n
294,u
294,i
294,ab
294,aa
294,n
294,t
294,n
294,u
294,i
294,ab
294,aa
294,n
294,t
294,n
294,t
294,n
294,t
294,n
294,u
294,aa
294,i
294,ab
294,n
294,u
294,i
294,aa
294,ab
294,o
294,c
294,f
294,ad
294,c
294,ad
294,f
294,c
294,ad
294,f
294,c
294,g
294,l
294,d
294,k
294,h
294,c
294,ad
294,f
294,c
294,ad
294,f
294,c
294,f
294,ad
294,c
294,g
294,e
294,ac
295,c
295,ad
295,f
295,c
295,ad
295,f
295,c
295,g
295,e
295,ac
296,p
296,a
296,w
296,c
296,g
296,e
297,c
297,g
297,k
297,d
297,l
297,h
297,c
297,f
297,ad
297,c
297,f
297,ad
297,c
297,ad
297,f
297,c
297,g
297,e
297,ac
298,a
298,q
298,af
298,b
298,z
298,i
298,ab
298,r
298,aa
298,s
298,x
298,a
298,af
298,s
298,z
298,a
298,p
298,w
298,c
298,ad
298,f
298,c
298,g
298,e
298,ac
299,af
299,a
299,q
299,c
299,g
299,l
299,k
299,d
299,v
299,ae
299,c
299,f
299,ad
299,c
299,f
299,ad
299,c
299,ad
299,f
299,c
299,g
299,ac
300,q
300,a
300,c
300,f
300,ad
300,c
300,g
300,e
300,ac
301,a
301,af
301,q
301,aa
301,z
301,i
301,b
301,s
301,j
301,ab
301,n
301,t
301,n
301,u
301,aa
301,i
301,ab
301,n
301,t
301,n
301,t
301,n
301,u
301,i
301,aa
301,ab
301,n
301,u
301,i
301,aa
301,ab
301,x
301,c
301,g
301,l
301,d
301,k
301,h
301,c
301,ad
301,f
301,c
301,f
301,ad
301,c
301,g
301,ac
301,e
302,s
302,aa
302,z
302,b
302,i
302,r
302,ab
302,x
302,s
302,i
302,b
302,ab
302,r
302,aa
302,n
302,u
302,aa
302,i
302,ab
302,o
302,af
302,a
302,z
302,b
302,aa
302,j
302,i
302,ab
302,n
302,u
302,i
302,aa
302,ab
302,o
302,p
302,a
302,p
302,w
302,i
302,s
302,ab
302,r
302,aa
302,b
302,n
302,u
302,aa
302,i
302,ab
302,n
302,t
302,n
302,u
302,aa
302,i
302,ab
302,n
302,t
302,n
302,t
302,n
302,t
302,n
302,t
302,n
302,u
302,aa
302,i
302,ab
302,x
302,c
302,g
302,e
303,a
303,p
303,p
303,w
303,c
303,g
303,k
303,d
303,l
303,ae
303,v
303,c
303,g
303,ac
304,a
304,af
304,c
304,g
304,k
304,l
304,d
304,k
304,d
304,l
304,v
304,ae
304,c
304,ad
304,f
304,c
304,g
304,l
304,k
304,d
304,d
304,k
304,l
304,k
304,d
304,l
304,v
304,ae
304,c
304,ad
304,f
304,c
304,f
304,ad
304,c
304,ad
304,f
304,c
304,ad
304,f
304,c
304,g
304,d
304,k
304,l
304,h
304,c
304,g
304,e
304,ac
305,a
305,p
305,p
305,p
305,p
305,w
305,c
305,g
305,l
305,k
305,d
305,ae
305,v
305,c
305,g
305,e
305,ac
306,q
306,a
306,af
306,z
306,s
306,a
306,p
306,w
306,c
306,g
306,e
306,ac
307,af
307,a
307,q
307,z
307,s
307,a
307,p
307,p
307,w
307,aa
307,j
307,b
307,z
307,i
307,s
307,ab
307,o
307,a
307,p
307,w
307,i
307,ab
307,z
307,aa
307,r
307,x
307,af
307,a
307,c
307,g
307,ac
307,e
308,c
308,ad
308,f
308,c
308,ad
308,f
308,c
308,ad
308,f
308,c
308,g
308,e
309,af
309,a
309,q
309,r
309,b
309,s
309,i
309,aa
309,ab
309,n
309,t
309,n
309,u
309,aa
309,i
309,ab
309,o
309,a
309,q
309,c
309,f
309,ad
309,c
309,g
309,d
309,k
309,l
309,m
309,y
309,c
309,f
309,ad
309,c
309,ad
309,f
309,c
309,g
309,d
309,l
309,k
309,l
309,k
309,d
309,k
309,l
309,d
309,h
309,c
309,ad
309,f
309,c
309,ad
309,f
309,c
309,g
309,ac
309,e
310,a
310,q
310,c
310,g
310,d
310,k
310,l
310,m
310,y
310,c
310,f
310,ad
310,c
310,g
310,k
310,l
310,d
310,l
310,d
310,k
310,l
310,d
310,k
310,k
310,d
310,l
310,d
310,l
310,k
310,k
310,l
310,d
310,l
310,k
310,d
310,l
310,k
310,d
310,m
310,y
310,c
310,g
310,e
310,ac
311,af
311,a
311,q
311,c
311,g
311,ac
312,a
312,q
312,c
312,g
312,l
312,d
312,k
312,k
312,d
312,l
312,k
312,d
312,l
312,k
312,d
312,l
312,h
312,c
312,f
312,ad
312,c
312,g
312,ac
312,e
313,b
313,c
313,g
313,l
313,k
313,d
313,h
313,c
313,g
313,k
313,d
313,l
313,m
313,y
313,c
313,g
313,l
313,d
313,k
313,ae
313,v
313,c
313,g
313,e
313,ac
314,c
314,ad
314,f
314,c
314,g
314,e
315,q
315,af
315,a
315,c
315,g
315,ac
316,a
316,p
316,w
316,c
316,ad
316,f
316,c
316,g
316,ac
316,e
317,p
317,a
317,p
317,w
317,c
317,g
317,e
317,ac
318,c
318,ad
318,f
318,c
318,g
318,l
318,d
318,k
318,l
318,k
318,d
318,m
318,y
318,c
318,f
318,ad
318,c
318,g
318,l
318,k
318,d
318,l
318,k
318,d
318,ae
318,v
318,c
318,ad
318,f
318,c
318,ad
318,f
318,c
318,g
318,l
318,k
318,d
318,k
318,d
318,l
318,l
318,d
318,k
318,m
318,y
318,c
318,f
318,ad
318,c
318,g
318,e
318,ac
319,p
319,w
319,a
319,b
319,q
319,a
319,af
319,c
319,f
319,ad
319,c
319,g
319,k
319,d
319,l
319,d
319,l
319,k
319,l
319,d
319,k
319,d
319,l
319,k
319,m
319,y
319,c
319,f
319,ad
319,c
319,g
319,k
319,d
319,l
319,d
319,l
319,k
319,d
319,l
319,k
319,h
319,c
319,g
319,d
319,l
319,k
319,m
319,y
319,c
319,g
319,d
319,k
319,l
319,v
319,ae
319,c
319,ad
319,f
319,c
319,f
319,ad
319,c
319,g
319,ac
320,p
320,a
320,w
320,c
320,ad
320,f
320,c
320,ad
320,f
320,c
320,f
320,ad
320,c
320,g
320,ac
321,p
321,w
321,a
321,c
321,g
321,d
321,k
321,l
321,k
321,l
321,d
321,k
321,d
321,l
321,l
321,k
321,d
321,m
321,y
321,c
321,ad
321,f
321,c
321,g
321,l
321,d
321,k
321,h
321,c
321,ad
321,f
321,c
321,g
321,l
321,d
321,k
321,h
321,c
321,g
321,e
321,ac
322,s
322,p
322,a
322,w
322,z
322,s
322,c
322,ad
322,f
322,c
322,f
322,ad
322,c
322,ad
322,f
322,c
322,g
322,l
322,k
322,d
322,ae
322,v
322,c
322,ad
322,f
322,c
322,g
322,e
323,c
323,f
323,ad
323,c
323,g
323,ac
323,e
324,aa
324,s
324,z
324,r
324,b
324,i
324,ab
324,x
324,aa
324,s
324,i
324,r
324,z
324,b
324,ab
324,x
324,p
324,a
324,w
324,c
324,f
324,ad
324,c
324,f
324,ad
324,c
324,g
324,d
324,l
324,k
324,m
324,y
324,c
324,f
324,ad
324,c
324,f
324,ad
324,c
324,g
324,k
324,d
324,l
324,m
324,y
324,c
324,ad
324,f
324,c
324,g
324,d
324,l
324,k
324,h
324,c
324,g
324,k
324,d
324,l
324,ae
324,v
324,c
324,ad
324,f
324,c
324,g
324,k
324,d
324,l
324,k
324,l
324,d
324,h
324,c
324,f
324,ad
324,c
324,g
324,d
324,k
324,l
324,d
324,l
324,k
324,d
324,k
324,l
324,d
324,l
324,k
324,m
324,y
324,c
324,ad
324,f
324,c
324,ad
324,f
324,c
324,ad
324,f
324,c
324,ad
324,f
324,c
324,ad
324,f
324,c
324,g
324,ac
325,a
325,af
325,s
325,b
325,z
325,q
325,a
325,c
325,g
325,d
325,k
325,l
325,k
325,l
325,d
325,m
325,y
325,c
325,g
325,e
326,c
326,g
326,d
326,k
326,l
326,m
326,y
326,c
326,g
326,e
327,a
327,p
327,w
327,c
327,ad
327,f
327,c
327,g
327,e
328,p
328,a
328,p
328,p
328,p
328,w
328,r
328,s
328,i
328,b
328,z
328,ab
328,aa
328,o
328,p
328,a
328,w
328,c
328,ad
328,f
328,c
328,ad
328,f
328,c
328,g
328,k
328,l
328,d
328,l
328,k
328,d
328,l
328,d
328,k
328,k
328,l
328,d
328,k
328,d
328,l
328,d
328,k
328,l
328,ae
328,v
328,c
328,ad
328,f
328,c
328,g
328,ac
328,e
329,aa
329,b
329,i
329,j
329,ab
329,o
329,r
329,aa
329,b
329,z
329,i
329,ab
329,n
329,u
329,i
329,ab
329,aa
329,x
329,aa
329,s
329,i
329,z
329,r
329,b
329,ab
329,o
329,b
329,z
329,i
329,r
329,aa
329,s
329,ab
329,n
329,u
329,aa
329,i
329,ab
329,x
329,p
329,a
329,p
329,w
329,c
329,f
329,ad
329,c
329,ad
329,f
329,c
329,ad
329,f
329,c
329,f
329,ad
329,c
329,g
329,e
329,ac
330,a
330,q
330,af
330,z
330,a
330,af
330,q
330,aa
330,z
330,i
330,ab
330,s
330,j
330,x
330,a
330,q
330,af
330,c
330,g
330,e
331,c
331,g
331,e
332,c
332,g
332,d
332,l
332,k
332,h
332,c
332,g
332,ac
333,c
333,f
333,ad
333,c
333,f
333,ad
333,c
333,g
333,d
333,k
333,l
333,l
333,d
333,k
333,k
333,l
333,d
333,d
333,k
333,l
333,v
333,ae
333,c
333,ad
333,f
333,c
333,g
333,e
334,c
334,f
334,ad
334,c
334,g
334,l
334,d
334,k
334,l
334,k
334,d
334,v
334,ae
334,c
334,ad
334,f
334,c
334,ad
334,f
334,c
334,g
334,d
334,k
334,l
334,d
334,k
334,l
334,h
334,c
334,ad
334,f
334,c
334,f
334,ad
334,c
334,f
334,ad
334,c
334,f
334,ad
334,c
334,g
334,e
335,p
335,a
335,p
335,w
335,c
335,g
335,d
335,k
335,l
335,k
335,d
335,l
335,h
335,c
335,g
335,ac
336,c
336,g
336,l
336,d
336,k
336,k
336,l
336,d
336,h
336,c
336,g
336,k
336,l
336,d
336,m
336,y
336,c
336,g
336,d
336,k
336,l
336,d
336,l
336,k
336,d
336,l
336,k
336,h
336,c
336,ad
336,f
336,c
336,ad
336,f
336,c
336,f
336,ad
336,c
336,f
336,ad
336,c
336,ad
336,f
336,c
336,g
336,e
337,a
337,p
337,w
337,i
337,r
337,b
337,s
337,ab
337,aa
337,n
337,u
337,i
337,aa
337,ab
337,o
337,p
337,a
337,p
337,w
337,c
337,ad
337,f
337,c
337,g
337,e
338,c
338,f
338,ad
338,c
338,g
338,ac
338,e
339,i
339,r
339,b
339,ab
339,aa
339,o
339,q
339,af
339,a
339,c
339,g
339,e
339,ac
340,q
340,a
340,z
340,s
340,i
340,ab
340,aa
340,n
340,u
340,aa
340,r
340,i
340,ab
340,o
340,c
340,g
340,e
341,af
341,a
341,q
341,i
341,r
341,z
341,aa
341,b
341,ab
341,n
341,u
341,aa
341,i
341,ab
341,n
341,u
341,aa
341,i
341,ab
341,n
341,t
341,n
341,u
341,aa
341,i
341,ab
341,o
341,p
341,a
341,p
341,p
341,w
341,b
341,aa
341,r
341,z
341,i
341,s
341,ab
341,n
341,t
341,n
341,u
341,i
341,aa
341,ab
341,n
341,u
341,aa
341,i
341,ab
341,o
341,b
341,s
341,c
341,g
341,d
341,l
341,k
341,d
341,l
341,k
341,m
341,y
341,c
341,g
341,l
341,d
341,k
341,h
341,c
341,f
341,ad
341,c
341,g
341,ac
342,s
342,z
342,b
342,c
342,ad
342,f
342,c
342,g
342,ac
342,e
343,b
343,z
343,c
343,ad
343,f
343,c
343,g
343,d
343,k
343,l
343,k
343,d
343,l
343,k
343,d
343,l
343,m
343,y
343,c
343,g
343,e
344,a
344,q
344,b
344,af
344,a
344,q
344,c
344,g
344,e
344,ac
345,p
345,a
345,w
345,z
345,r
345,i
345,aa
345,s
345,ab
345,n
345,u
345,aa
345,i
345,ab
345,n
345,u
345,i
345,aa
345,ab
345,x
345,s
345,p
345,a
345,p
345,p
345,w
345,z
345,s
345,af
345,a
345,q
345,c
345,g
345,ac
346,c
346,g
346,l
346,d
346,k
346,h
346,c
346,g
346,k
346,l
346,d
346,v
346,ae
346,c
346,f
346,ad
346,c
346,ad
346,f
346,c
346,g
346,ac
346,e
347,c
347,g
347,ac
348,a
348,p
348,w
348,aa
348,i
348,ab
348,r
348,x
348,i
348,r
348,z
348,s
348,aa
348,ab
348,b
348,x
348,af
348,a
348,s
348,z
348,b
348,a
348,af
348,b
348,z
348,z
348,b
348,i
348,aa
348,ab
348,o
348,j
348,c
348,g
348,ac
349,a
349,q
349,af
349,s
349,b
349,i
349,b
349,ab
349,aa
349,s
349,r
349,n
349,u
349,aa
349,i
349,ab
349,n
349,u
349,i
349,aa
349,ab
349,x
349,p
349,a
349,w
349,c
349,f
349,ad
349,c
349,g
349,e
350,af
350,q
350,a
350,s
350,r
350,b
350,i
350,aa
350,ab
350,x
350,a
350,af
350,q
350,c
350,g
350,ac
350,e
351,a
351,q
351,af
351,c
351,ad
351,f
351,c
351,f
351,ad
351,c
351,f
351,ad
351,c
351,g
351,ac
352,s
352,r
352,b
352,i
352,aa
352,ab
352,n
352,u
352,aa
352,i
352,ab
352,x
352,c
352,g
352,l
352,d
352,k
352,d
352,k
352,l
352,d
352,k
352,l
352,m
352,y
352,c
352,f
352,ad
352,c
352,ad
352,f
352,c
352,f
352,ad
352,c
352,ad
352,f
352,c
352,f
352,ad
352,c
352,ad
352,f
352,c
352,f
352,ad
352,c
352,f
352,ad
352,c
352,f
352,ad
352,c
352,f
352,ad
352,c
352,g
352,l
352,k
352,d
352,h
352,c
352,f
352,ad
352,c
352,ad
352,f
352,c
352,f
352,ad
352,c
352,g
352,e
353,c
353,g
353,d
353,k
353,l
353,d
353,k
353,l
353,ae
353,v
353,c
353,f
353,ad
353,c
353,g
353,k
353,l
353,d
353,m
353,y
353,c
353,g
353,ac
353,e
354,a
354,q
354,c
354,g
354,d
354,l
354,k
354,d
354,k
354,l
354,k
354,l
354,d
354,m
354,y
354,c
354,f
354,ad
354,c
354,f
354,ad
354,c
354,f
354,ad
354,c
354,ad
354,f
354,c
354,g
354,ac
354,e
355,a
355,p
355,p
355,w
355,r
355,aa
355,z
355,s
355,i
355,ab
355,x
355,a
355,af
355,c
355,g
355,d
355,k
355,l
355,h
355,c
355,g
355,ac
356,a
356,af
356,j
356,aa
356,s
356,z
356,i
356,ab
356,o
356,a
356,af
356,z
356,s
356,c
356,g
356,k
356,d
356,l
356,k
356,l
356,d
356,k
356,d
356,l
356,k
356,l
356,d
356,k
356,l
356,d
356,d
356,k
356,l
356,ae
356,v
356,c
356,g
356,d
356,l
356,k
356,k
356,d
356,l
356,v
356,ae
356,c
356,g
356,l
356,d
356,k
356,m
356,y
356,c
356,f
356,ad
356,c
356,f
356,ad
356,c
356,f
356,ad
356,c
356,ad
356,f
356,c
356,g
356,l
356,k
356,d
356,k
356,l
356,d
356,h
356,c
356,g
356,ac
356,e
357,j
357,aa
357,s
357,i
357,ab
357,n
357,u
357,i
357,aa
357,ab
357,n
357,t
357,n
357,u
357,i
357,aa
357,ab
357,o
357,p
357,a
357,p
357,w
357,c
357,g
357,e
357,ac
358,a
358,q
358,aa
358,r
358,z
358,i
358,ab
358,n
358,u
358,aa
358,i
358,ab
358,n
358,u
358,aa
358,i
358,ab
358,x
358,s
358,aa
358,b
358,i
358,ab
358,z
358,j
358,n
358,t
358,n
358,t
358,n
358,u
358,i
358,aa
358,ab
358,n
358,u
358,aa
358,i
358,ab
358,n
358,u
358,aa
358,i
358,ab
358,x
358,a
358,p
358,p
358,p
358,p
358,p
358,w
358,c
358,f
358,ad
358,c
358,g
358,d
358,k
358,l
358,l
358,d
358,k
358,k
358,d
358,l
358,m
358,y
358,c
358,ad
358,f
358,c
358,f
358,ad
358,c
358,ad
358,f
358,c
358,g
358,d
358,l
358,k
358,m
358,y
358,c
358,ad
358,f
358,c
358,g
358,k
358,d
358,l
358,m
358,y
358,c
358,f
358,ad
358,c
358,g
358,l
358,d
358,k
358,v
358,ae
358,c
358,g
358,d
358,k
358,l
358,m
358,y
358,c
358,g
358,ac
358,e
359,r
359,i
359,ab
359,aa
359,x
359,c
359,ad
359,f
359,c
359,ad
359,f
359,c
359,f
359,ad
359,c
359,ad
359,f
359,c
359,g
359,ac
360,c
360,ad
360,f
360,c
360,g
360,e
361,c
361,ad
361,f
361,c
361,ad
361,f
361,c
361,f
361,ad
361,c
361,g
361,ac
362,aa
362,b
362,i
362,j
362,ab
362,o
362,a
362,af
362,q
362,c
362,g
362,e
363,b
363,aa
363,i
363,j
363,ab
363,n
363,t
363,n
363,u
363,aa
363,i
363,ab
363,n
363,t
363,n
363,t
363,n
363,u
363,aa
363,i
363,ab
363,n
363,u
363,i
363,ab
363,aa
363,o
363,a
363,p
363,w
363,c
363,ad
363,f
363,c
363,g
363,ac
363,e
364,c
364,f
364,ad
364,c
364,g
364,e
364,ac
365,p
365,a
365,p
365,p
365,p
365,w
365,s
365,b
365,c
365,g
365,e
365,ac
366,z
366,s
366,aa
366,r
366,i
366,b
366,ab
366,o
366,a
366,p
366,w
366,c
366,g
366,k
366,l
366,d
366,k
366,l
366,d
366,l
366,k
366,d
366,d
366,l
366,k
366,h
366,c
366,g
366,k
366,d
366,l
366,m
366,y
366,c
366,g
366,ac
366,e
367,a
367,q
367,b
367,b
367,aa
367,s
367,r
367,z
367,i
367,ab
367,n
367,t
367,n
367,t
367,n
367,u
367,i
367,aa
367,ab
367,x
367,s
367,z
367,c
367,ad
367,f
367,c
367,g
367,ac
367,e
368,a
368,p
368,w
368,z
368,s
368,c
368,g
368,e
369,s
369,z
369,b
369,i
369,j
369,ab
369,aa
369,o
369,c
369,ad
369,f
369,c
369,f
369,ad
369,c
369,g
369,ac
370,a
370,af
370,c
370,g
370,l
370,k
370,d
370,l
370,d
370,k
370,k
370,d
370,l
370,d
370,l
370,k
370,m
370,y
370,c
370,g
370,e
370,ac
371,z
371,r
371,i
371,aa
371,b
371,s
371,ab
371,o
371,p
371,w
371,a
371,s
371,z
371,c
371,f
371,ad
371,c
371,ad
371,f
371,c
371,g
371,ac
371,e
372,a
372,q
372,af
372,i
372,j
372,aa
372,ab
372,o
372,af
372,a
372,c
372,g
372,ac
372,e
373,p
373,a
373,p
373,p
373,w
373,c
373,f
373,ad
373,c
373,g
373,e
374,c
374,g
374,e
374,ac
375,a
375,p
375,w
375,z
375,b
375,c
375,g
375,d
375,k
375,l
375,h
375,c
375,ad
375,f
375,c
375,f
375,ad
375,c
375,g
375,e
375,ac
376,af
376,a
376,c
376,ad
376,f
376,c
376,g
376,ac
377,a
377,p
377,p
377,p
377,p
377,w
377,r
377,z
377,s
377,aa
377,i
377,ab
377,n
377,u
377,i
377,aa
377,ab
377,x
377,p
377,a
377,p
377,p
377,w
377,r
377,aa
377,i
377,s
377,b
377,z
377,ab
377,n
377,u
377,i
377,aa
377,ab
377,n
377,t
377,n
377,u
377,aa
377,i
377,ab
377,x
377,a
377,af
377,s
377,j
377,z
377,i
377,b
377,aa
377,ab
377,o
377,c
377,g
377,k
377,l
377,d
377,m
377,y
377,c
377,g
377,ac
378,c
378,ad
378,f
378,c
378,ad
378,f
378,c
378,f
378,ad
378,c
378,g
378,e
379,i
379,s
379,aa
379,ab
379,z
379,r
379,x
379,af
379,q
379,a
379,b
379,aa
379,j
379,i
379,z
379,ab
379,o
379,q
379,af
379,a
379,c
379,g
379,l
379,k
379,d
379,m
379,y
379,c
379,f
379,ad
379,c
379,ad
379,f
379,c
379,g
379,d
379,k
379,l
379,k
379,l
379,d
379,m
379,y
379,c
379,g
379,d
379,k
379,l
379,h
379,c
379,f
379,ad
379,c
379,f
379,ad
379,c
379,g
379,ac
379,e
380,c
380,g
380,k
380,d
380,l
380,d
380,k
380,l
380,m
380,y
380,c
380,f
380,ad
380,c
380,ad
380,f
380,c
380,g
380,l
380,k
380,d
380,h
380,c
380,ad
380,f
380,c
380,f
380,ad
380,c
380,ad
380,f
380,c
380,g
380,l
380,k
380,d
380,ae
380,v
380,c
380,g
380,e
381,p
381,w
381,a
381,c
381,g
381,e
381,ac
382,af
382,a
382,q
382,c
382,ad
382,f
382,c
382,ad
382,f
382,c
382,ad
382,f
382,c
382,g
382,ac
383,c
383,ad
383,f
383,c
383,g
383,ac
384,af
384,a
384,s
384,z
384,b
384,c
384,g
384,ac
384,e
385,a
385,q
385,af
385,c
385,f
385,ad
385,c
385,g
385,e
386,s
386,j
386,i
386,b
386,aa
386,z
386,ab
386,n
386,t
386,n
386,t
386,n
386,u
386,i
386,ab
386,aa
386,n
386,t
386,n
386,t
386,n
386,u
386,i
386,ab
386,aa
386,n
386,u
386,i
386,ab
386,aa
386,n
386,u
386,aa
386,i
386,ab
386,o
386,p
386,a
386,p
386,p
386,w
386,c
386,g
386,k
386,l
386,d
386,ae
386,v
386,c
386,g
386,d
386,k
386,l
386,l
386,k
386,d
386,k
386,d
386,l
386,d
386,k
386,l
386,d
386,l
386,k
386,ae
386,v
386,c
386,ad
386,f
386,c
386,f
386,ad
386,c
386,ad
386,f
386,c
386,g
386,ac
386,e
387,p
387,a
387,p
387,p
387,p
387,p
387,w
387,b
387,z
387,s
387,i
387,aa
387,z
387,j
387,ab
387,n
387,t
387,n
387,t
387,n
387,u
387,i
387,aa
387,ab
387,o
387,aa
387,b
387,i
387,ab
387,n
387,z
387,u
387,r
387,aa
387,i
387,ab
387,n
387,t
387,n
387,t
387,n
387,u
387,aa
387,i
387,ab
387,o
387,q
387,a
387,i
387,aa
387,z
387,ab
387,r
387,x
387,i
387,ab
387,j
387,aa
387,n
387,t
387,n
387,u
387,aa
387,i
387,ab
387,n
387,t
387,n
387,u
387,aa
387,i
387,ab
387,x
387,aa
387,s
387,i
387,j
387,ab
387,n
387,t
387,n
387,u
387,i
387,aa
387,ab
387,x
387,c
387,ad
387,f
387,c
387,f
387,ad
387,c
387,g
387,k
387,d
387,l
387,l
387,k
387,d
387,l
387,d
387,k
387,m
387,y
387,c
387,g
387,l
387,k
387,d
387,l
387,k
387,d
387,l
387,k
387,d
387,h
387,c
387,g
387,l
387,k
387,d
387,m
387,y
387,c
387,g
387,e
387,ac
388,c
388,g
388,ac
388,e
389,b
389,s
389,r
389,s
389,aa
389,z
389,b
389,i
389,ab
389,n
389,u
389,aa
389,i
389,ab
389,x
389,b
389,i
389,s
389,aa
389,ab
389,z
389,r
389,o
389,a
389,q
389,c
389,g
389,k
389,d
389,l
389,ae
389,v
389,c
389,f
389,ad
389,c
389,g
389,e
390,c
390,g
390,l
390,d
390,k
390,h
390,c
390,g
390,k
390,d
390,l
390,d
390,k
390,l
390,ae
390,v
390,c
390,g
390,k
390,l
390,d
390,ae
390,v
390,c
390,g
390,e
391,aa
391,b
391,i
391,j
391,s
391,ab
391,o
391,c
391,g
391,ac
391,e
392,a
392,p
392,p
392,w
392,i
392,j
392,s
392,aa
392,ab
392,n
392,t
392,n
392,t
392,n
392,t
392,n
392,t
392,n
392,t
392,n
392,u
392,aa
392,i
392,ab
392,n
392,u
392,i
392,ab
392,aa
392,n
392,u
392,aa
392,i
392,ab
392,x
392,a
392,q
392,c
392,f
392,ad
392,c
392,ad
392,f
392,c
392,g
392,k
392,l
392,d
392,h
392,c
392,g
392,ac
392,e
393,b
393,s
393,a
393,af
393,q
393,b
393,s
393,z
393,b
393,i
393,aa
393,r
393,ab
393,n
393,t
393,n
393,t
393,n
393,u
393,aa
393,i
393,ab
393,o
393,b
393,c
393,g
393,l
393,k
393,d
393,m
393,y
393,c
393,f
393,ad
393,c
393,f
393,ad
393,c
393,g
393,e
393,ac
394,a
394,p
394,p
394,w
394,aa
394,r
394,i
394,b
394,ab
394,x
394,a
394,q
394,af
394,z
394,aa
394,i
394,j
394,ab
394,n
394,u
394,aa
394,i
394,ab
394,n
394,t
394,n
394,u
394,i
394,ab
394,aa
394,o
394,p
394,a
394,w
394,c
394,f
394,ad
394,c
394,f
394,ad
394,c
394,g
394,ac
394,e
395,q
395,a
395,s
395,i
395,ab
395,b
395,aa
395,j
395,n
395,t
395,n
395,u
395,i
395,aa
395,ab
395,n
395,t
395,n
395,u
395,i
395,ab
395,aa
395,n
395,u
395,i
395,aa
395,ab
395,x
395,a
395,p
395,p
395,p
395,w
395,s
395,aa
395,j
395,i
395,ab
395,o
395,a
395,af
395,q
395,b
395,aa
395,r
395,i
395,ab
395,n
395,z
395,u
395,i
395,aa
395,ab
395,n
395,u
395,aa
395,i
395,ab
395,n
395,u
395,i
395,ab
395,aa
395,n
395,t
395,n
395,u
395,i
395,ab
395,aa
395,x
395,c
395,g
395,d
395,l
395,k
395,d
395,l
395,k
395,ae
395,v
395,c
395,f
395,ad
395,c
395,g
395,e
396,z
396,b
396,af
396,q
396,a
396,c
396,ad
396,f
396,c
396,g
396,l
396,d
396,k
396,l
396,k
396,d
396,k
396,l
396,d
396,k
396,l
396,d
396,m
396,y
396,c
396,ad
396,f
396,c
396,f
396,ad
396,c
396,g
396,k
396,d
396,l
396,m
396,y
396,c
396,g
396,l
396,d
396,k
396,m
396,y
396,c
396,ad
396,f
396,c
396,g
396,ac
396,e
397,c
397,g
397,l
397,d
397,k
397,l
397,k
397,d
397,k
397,d
397,l
397,ae
397,v
397,c
397,g
397,e
397,ac
398,a
398,af
398,q
398,c
398,g
398,ac
398,e
399,q
399,af
399,a
399,c
399,g
399,l
399,d
399,k
399,l
399,d
399,k
399,h
399,c
399,ad
399,f
399,c
399,f
399,ad
399,c
399,g
399,ac
399,e
400,p
400,a
400,w
400,s
400,z
400,q
400,a
400,s
400,z
400,p
400,a
400,w
400,c
400,g
400,ac
401,q
401,af
401,a
401,i
401,z
401,r
401,b
401,s
401,aa
401,ab
401,x
401,p
401,a
401,p
401,w
401,c
401,f
401,ad
401,c
401,ad
401,f
401,c
401,g
401,e
401,ac
402,a
402,p
402,w
402,c
402,f
402,ad
402,c
402,f
402,ad
402,c
402,ad
402,f
402,c
402,g
402,ac
403,a
403,p
403,p
403,w
403,aa
403,b
403,s
403,z
403,r
403,i
403,ab
403,x
403,c
403,g
403,e
404,q
404,a
404,j
404,i
404,aa
404,s
404,ab
404,n
404,t
404,n
404,u
404,i
404,aa
404,ab
404,o
404,p
404,a
404,p
404,w
404,c
404,f
404,ad
404,c
404,ad
404,f
404,c
404,f
404,ad
404,c
404,f
404,ad
404,c
404,f
404,ad
404,c
404,g
404,l
404,k
404,d
404,m
404,y
404,c
404,g
404,k
404,d
404,l
404,l
404,k
404,d
404,l
404,d
404,k
404,m
404,y
404,c
404,g
404,e
405,c
405,f
405,ad
405,c
405,g
405,l
405,d
405,k
405,l
405,d
405,k
405,l
405,k
405,d
405,l
405,k
405,d
405,k
405,d
405,l
405,v
405,ae
405,c
405,g
405,ac
406,s
406,c
406,g
406,d
406,k
406,l
406,k
406,l
406,d
406,d
406,k
406,l
406,h
406,c
406,g
406,e
406,ac
407,i
407,aa
407,s
407,z
407,j
407,ab
407,n
407,u
407,aa
407,i
407,ab
407,x
407,s
407,aa
407,z
407,j
407,i
407,ab
407,o
407,p
407,a
407,p
407,w
407,aa
407,b
407,i
407,z
407,j
407,ab
407,n
407,t
407,n
407,u
407,aa
407,i
407,ab
407,x
407,a
407,p
407,p
407,p
407,p
407,w
407,i
407,s
407,aa
407,r
407,ab
407,o
407,af
407,q
407,a
407,c
407,f
407,ad
407,c
407,g
407,e
408,s
408,b
408,af
408,q
408,a
408,z
408,aa
408,j
408,s
408,i
408,ab
408,n
408,t
408,n
408,u
408,i
408,aa
408,ab
408,n
408,t
408,n
408,t
408,n
408,u
408,aa
408,i
408,ab
408,n
408,t
408,n
408,t
408,n
408,u
408,aa
408,i
408,ab
408,x
408,c
408,ad
408,f
408,c
408,g
408,ac
409,c
409,g
409,k
409,l
409,d
409,h
409,c
409,g
409,e
409,ac
410,a
410,p
410,p
410,p
410,w
410,c
410,g
410,ac
410,e
411,af
411,q
411,a
411,c
411,g
411,ac
411,e
412,s
412,aa
412,i
412,z
412,r
412,ab
412,n
412,u
412,aa
412,i
412,ab
412,n
412,u
412,i
412,ab
412,aa
412,n
412,t
412,n
412,u
412,i
412,aa
412,ab
412,x
412,c
412,g
412,d
412,k
412,l
412,l
412,k
412,d
412,d
412,k
412,l
412,h
412,c
412,g
412,e
412,ac
413,r
413,z
413,b
413,aa
413,s
413,i
413,ab
413,n
413,t
413,n
413,u
413,aa
413,i
413,ab
413,o
413,c
413,f
413,ad
413,c
413,f
413,ad
413,c
413,g
413,e
413,ac
414,a
414,q
414,c
414,g
414,e
415,a
415,p
415,p
415,p
415,w
415,c
415,g
415,ac
416,c
416,ad
416,f
416,c
416,ad
416,f
416,c
416,f
416,ad
416,c
416,g
416,l
416,d
416,k
416,h
416,c
416,f
416,ad
416,c
416,ad
416,f
416,c
416,ad
416,f
416,c
416,g
416,e
417,q
417,af
417,a
417,s
417,q
417,af
417,a
417,b
417,z
417,q
417,af
417,a
417,z
417,b
417,p
417,a
417,p
417,w
417,i
417,s
417,b
417,aa
417,z
417,r
417,ab
417,o
417,a
417,af
417,j
417,i
417,z
417,aa
417,ab
417,b
417,n
417,u
417,i
417,aa
417,ab
417,x
417,a
417,af
417,q
417,j
417,b
417,aa
417,i
417,ab
417,n
417,u
417,i
417,aa
417,ab
417,n
417,t
417,n
417,u
417,i
417,aa
417,ab
417,n
417,t
417,n
417,u
417,i
417,ab
417,aa
417,o
417,i
417,j
417,ab
417,aa
417,n
417,u
417,aa
417,i
417,ab
417,x
417,a
417,p
417,p
417,w
417,b
417,s
417,z
417,j
417,i
417,aa
417,b
417,ab
417,n
417,u
417,i
417,aa
417,ab
417,o
417,p
417,w
417,a
417,c
417,g
417,l
417,d
417,k
417,k
417,l
417,d
417,m
417,y
417,c
417,g
417,d
417,k
417,l
417,l
417,d
417,k
417,l
417,d
417,k
417,h
417,c
417,f
417,ad
417,c
417,ad
417,f
417,c
417,g
417,e
417,ac
418,c
418,ad
418,f
418,c
418,g
418,d
418,l
418,k
418,l
418,k
418,d
418,d
418,k
418,l
418,d
418,k
418,l
418,l
418,k
418,d
418,l
418,d
418,k
418,d
418,l
418,k
418,k
418,d
418,l
418,v
418,ae
418,c
418,g
418,k
418,l
418,d
418,m
418,y
418,c
418,g
418,e
418,ac
419,p
419,a
419,p
419,w
419,c
419,f
419,ad
419,c
419,g
419,d
419,l
419,k
419,m
419,y
419,c
419,g
419,l
419,d
419,k
419,h
419,c
419,g
419,l
419,d
419,k
419,h
419,c
419,ad
419,f
419,c
419,ad
419,f
419,c
419,ad
419,f
419,c
419,ad
419,f
419,c
419,g
419,ac
419,e
420,s
420,b
420,i
420,j
420,aa
420,ab
420,x
420,a
420,q
420,af
420,c
420,ad
420,f
420,c
420,g
420,d
420,l
420,k
420,h
420,c
420,ad
420,f
420,c
420,g
420,ac
420,e
421,a
421,af
421,q
421,c
421,ad
421,f
421,c
421,g
421,e
422,c
422,ad
422,f
422,c
422,g
422,ac
423,s
423,z
423,i
423,r
423,aa
423,ab
423,o
423,a
423,p
423,p
423,p
423,w
423,c
423,ad
423,f
423,c
423,g
423,d
423,k
423,l
423,h
423,c
423,f
423,ad
423,c
423,f
423,ad
423,c
423,ad
423,f
423,c
423,g
423,ac
424,p
424,w
424,a
424,c
424,ad
424,f
424,c
424,ad
424,f
424,c
424,f
424,ad
424,c
424,g
424,ac
424,e
425,a
425,p
425,p
425,w
425,c
425,g
425,d
425,l
425,k
425,k
425,l
425,d
425,d
425,k
425,l
425,v
425,ae
425,c
425,g
425,e
425,ac
426,q
426,a
426,af
426,z
426,c
426,ad
426,f
426,c
426,g
426,ac
426,e
427,p
427,a
427,w
427,c
427,ad
427,f
427,c
427,ad
427,f
427,c
427,f
427,ad
427,c
427,g
427,ac
428,p
428,a
428,p
428,w
428,i
428,j
428,b
428,aa
428,ab
428,x
428,a
428,p
428,p
428,p
428,p
428,w
428,z
428,aa
428,i
428,s
428,ab
428,r
428,b
428,o
428,af
428,q
428,a
428,i
428,j
428,aa
428,s
428,b
428,z
428,ab
428,n
428,u
428,i
428,aa
428,ab
428,n
428,u
428,i
428,aa
428,ab
428,x
428,af
428,a
428,q
428,b
428,z
428,c
428,ad
428,f
428,c
428,g
428,ac
429,p
429,a
429,w
429,c
429,ad
429,f
429,c
429,g
429,l
429,k
429,d
429,l
429,k
429,d
429,k
429,l
429,d
429,l
429,d
429,k
429,d
429,k
429,l
429,v
429,ae
429,c
429,ad
429,f
429,c
429,ad
429,f
429,c
429,g
429,ac
430,z
430,aa
430,r
430,b
430,i
430,ab
430,n
430,u
430,aa
430,i
430,ab
430,o
430,p
430,a
430,p
430,w
430,c
430,ad
430,f
430,c
430,ad
430,f
430,c
430,f
430,ad
430,c
430,g
430,ac
430,e
431,r
431,aa
431,i
431,b
431,ab
431,n
431,z
431,t
431,n
431,u
431,aa
431,i
431,ab
431,n
431,u
431,i
431,aa
431,ab
431,n
431,t
431,n
431,t
431,n
431,t
431,n
431,u
431,aa
431,i
431,ab
431,n
431,t
431,n
431,t
431,n
431,t
431,n
431,t
431,n
431,u
431,aa
431,i
431,ab
431,x
431,a
431,p
431,w
431,s
431,z
431,b
431,af
431,q
431,a
431,b
431,p
431,w
431,a
431,c
431,g
431,l
431,d
431,k
431,l
431,d
431,k
431,h
431,c
431,ad
431,f
431,c
431,g
431,d
431,k
431,l
431,l
431,k
431,d
431,m
431,y
431,c
431,ad
431,f
431,c
431,ad
431,f
431,c
431,g
431,d
431,k
431,l
431,d
431,l
431,k
431,h
431,c
431,ad
431,f
431,c
431,ad
431,f
431,c
431,g
431,l
431,k
431,d
431,h
431,c
431,f
431,ad
431,c
431,f
431,ad
431,c
431,g
431,ac
432,a
432,af
432,aa
432,s
432,i
432,r
432,b
432,z
432,ab
432,n
432,t
432,n
432,t
432,n
432,t
432,n
432,u
432,i
432,aa
432,ab
432,n
432,u
432,i
432,aa
432,ab
432,n
432,t
432,n
432,t
432,n
432,t
432,n
432,u
432,aa
432,i
432,ab
432,o
432,af
432,q
432,a
432,z
432,s
432,b
432,c
432,g
432,d
432,k
432,l
432,l
432,k
432,d
432,m
432,y
432,c
432,g
432,l
432,d
432,k
432,ae
432,v
432,c
432,g
432,k
432,l
432,d
432,v
432,ae
432,c
432,ad
432,f
432,c
432,g
432,d
432,k
432,l
432,k
432,d
432,l
432,h
432,c
432,g
432,k
432,l
432,d
432,k
432,l
432,d
432,ae
432,v
432,c
432,ad
432,f
432,c
432,ad
432,f
432,c
432,g
432,ac
432,e
433,a
433,p
433,w
433,c
433,f
433,ad
433,c
433,g
433,ac
434,b
434,s
434,i
434,aa
434,b
434,ab
434,s
434,r
434,n
434,u
434,aa
434,i
434,ab
434,o
434,a
434,p
434,p
434,w
434,c
434,g
434,ac
435,p
435,a
435,w
435,c
435,ad
435,f
435,c
435,g
435,d
435,l
435,k
435,l
435,d
435,k
435,h
435,c
435,g
435,e
435,ac
436,z
436,s
436,p
436,a
436,p
436,w
436,c
436,g
436,k
436,d
436,l
436,m
436,y
436,c
436,g
436,ac
436,e
437,a
437,p
437,w
437,i
437,aa
437,j
437,b
437,ab
437,n
437,t
437,n
437,t
437,n
437,u
437,i
437,aa
437,ab
437,n
437,u
437,i
437,aa
437,ab
437,x
437,s
437,q
437,a
437,c
437,f
437,ad
437,c
437,f
437,ad
437,c
437,g
437,k
437,d
437,l
437,d
437,k
437,l
437,k
437,l
437,d
437,m
437,y
437,c
437,f
437,ad
437,c
437,g
437,e
437,ac
438,q
438,a
438,c
438,g
438,k
438,d
438,l
438,k
438,d
438,l
438,m
438,y
438,c
438,g
438,d
438,k
438,l
438,k
438,d
438,l
438,d
438,k
438,l
438,h
438,c
438,f
438,ad
438,c
438,g
438,e
438,ac
439,q
439,a
439,aa
439,i
439,j
439,b
439,ab
439,s
439,o
439,a
439,p
439,p
439,w
439,r
439,aa
439,s
439,i
439,ab
439,n
439,u
439,i
439,ab
439,aa
439,n
439,t
439,n
439,u
439,i
439,aa
439,ab
439,n
439,t
439,n
439,u
439,aa
439,i
439,ab
439,n
439,t
439,n
439,u
439,aa
439,i
439,ab
439,o
439,p
439,a
439,w
439,s
439,i
439,aa
439,j
439,ab
439,z
439,n
439,u
439,aa
439,i
439,ab
439,n
439,t
439,n
439,u
439,i
439,aa
439,ab
439,o
439,c
439,g
439,e
440,c
440,ad
440,f
440,c
440,ad
440,f
440,c
440,g
440,l
440,d
440,k
440,h
440,c
440,g
440,ac
441,s
441,b
441,a
441,af
441,q
441,c
441,g
441,ac
442,r
442,aa
442,i
442,b
442,ab
442,o
442,a
442,q
442,z
442,p
442,a
442,p
442,p
442,w
442,b
442,p
442,p
442,a
442,p
442,w
442,s
442,r
442,i
442,b
442,aa
442,ab
442,x
442,z
442,b
442,p
442,a
442,p
442,p
442,p
442,p
442,w
442,z
442,aa
442,s
442,z
442,j
442,i
442,ab
442,x
442,z
442,aa
442,s
442,i
442,j
442,ab
442,x
442,a
442,p
442,w
442,c
442,ad
442,f
442,c
442,g
442,ac
443,z
443,p
443,w
443,a
443,s
443,b
443,p
443,a
443,p
443,w
443,c
443,g
443,e
443,ac
444,c
444,f
444,ad
444,c
444,f
444,ad
444,c
444,g
444,ac
444,e
445,a
445,af
445,c
445,f
445,ad
445,c
445,f
445,ad
445,c
445,ad
445,f
445,c
445,ad
445,f
445,c
445,ad
445,f
445,c
445,f
445,ad
445,c
445,ad
445,f
445,c
445,g
445,ac
445,e
446,aa
446,i
446,s
446,j
446,ab
446,n
446,u
446,i
446,aa
446,ab
446,n
446,t
446,n
446,u
446,i
446,aa
446,ab
446,x
446,af
446,a
446,q
446,z
446,b
446,s
446,r
446,z
446,s
446,aa
446,i
446,b
446,ab
446,x
446,a
446,p
446,p
446,w
446,c
446,ad
446,f
446,c
446,g
446,ac
447,c
447,g
447,ac
448,c
448,g
448,d
448,l
448,k
448,k
448,d
448,l
448,k
448,d
448,l
448,v
448,ae
448,c
448,ad
448,f
448,c
448,ad
448,f
448,c
448,g
448,l
448,k
448,d
448,h
448,c
448,g
448,l
448,k
448,d
448,v
448,ae
448,c
448,g
448,ac
448,e
449,p
449,a
449,p
449,w
449,c
449,ad
449,f
449,c
449,f
449,ad
449,c
449,f
449,ad
449,c
449,f
449,ad
449,c
449,g
449,d
449,l
449,k
449,k
449,d
449,l
449,d
449,k
449,l
449,k
449,d
449,l
449,l
449,k
449,d
449,v
449,ae
449,c
449,ad
449,f
449,c
449,g
449,ac
450,p
450,w
450,a
450,c
450,g
450,l
450,d
450,k
450,k
450,l
450,d
450,d
450,k
450,l
450,m
450,y
450,c
450,g
450,ac
450,e
451,a
451,p
451,p
451,w
451,c
451,g
451,e
451,ac
452,c
452,g
452,ac
452,e
453,s
453,af
453,a
453,q
453,aa
453,j
453,i
453,ab
453,b
453,o
453,p
453,w
453,a
453,c
453,g
453,l
453,k
453,d
453,l
453,d
453,k
453,d
453,l
453,k
453,m
453,y
453,c
453,f
453,ad
453,c
453,f
453,ad
453,c
453,g
453,l
453,k
453,d
453,k
453,l
453,d
453,k
453,d
453,l
453,d
453,l
453,k
453,m
453,y
453,c
453,g
453,l
453,d
453,k
453,h
453,c
453,g
453,e
453,ac
454,c
454,ad
454,f
454,c
454,f
454,ad
454,c
454,ad
454,f
454,c
454,ad
454,f
454,c
454,f
454,ad
454,c
454,ad
454,f
454,c
454,f
454,ad
454,c
454,g
454,ac
455,c
455,f
455,ad
455,c
455,g
455,e
456,aa
456,r
456,z
456,i
456,s
456,ab
456,x
456,a
456,af
456,c
456,g
456,k
456,l
456,d
456,d
456,l
456,k
456,m
456,y
456,c
456,g
456,l
456,k
456,d
456,k
456,l
456,d
456,d
456,k
456,l
456,k
456,d
456,l
456,d
456,l
456,k
456,d
456,l
456,k
456,v
456,ae
456,c
456,g
456,d
456,k
456,l
456,k
456,d
456,l
456,v
456,ae
456,c
456,ad
456,f
456,c
456,g
456,l
456,d
456,k
456,d
456,l
456,k
456,k
456,l
456,d
456,m
456,y
456,c
456,g
456,d
456,k
456,l
456,d
456,k
456,l
456,k
456,l
456,d
456,l
456,k
456,d
456,ae
456,v
456,c
456,g
456,ac
457,b
457,z
457,q
457,a
457,c
457,g
457,e
457,ac
458,c
458,g
458,e
459,i
459,ab
459,r
459,z
459,aa
459,x
459,c
459,g
459,ac
460,b
460,i
460,ab
460,aa
460,r
460,z
460,o
460,af
460,a
460,c
460,g
460,k
460,l
460,d
460,l
460,k
460,d
460,v
460,ae
460,c
460,f
460,ad
460,c
460,ad
460,f
460,c
460,f
460,ad
460,c
460,g
460,l
460,k
460,d
460,m
460,y
460,c
460,ad
460,f
460,c
460,g
460,d
460,l
460,k
460,d
460,k
460,l
460,k
460,d
460,l
460,d
460,k
460,l
460,l
460,k
460,d
460,d
460,l
460,k
460,h
460,c
460,g
460,k
460,l
460,d
460,k
460,l
460,d
460,v
460,ae
460,c
460,ad
460,f
460,c
460,g
460,e
461,s
461,z
461,p
461,w
461,a
461,aa
461,j
461,i
461,ab
461,b
461,z
461,x
461,s
461,af
461,q
461,a
461,b
461,z
461,z
461,aa
461,s
461,j
461,b
461,i
461,ab
461,n
461,t
461,n
461,t
461,n
461,u
461,i
461,aa
461,ab
461,n
461,t
461,n
461,u
461,i
461,aa
461,ab
461,n
461,t
461,n
461,t
461,n
461,t
461,n
461,u
461,i
461,ab
461,aa
461,n
461,u
461,aa
461,i
461,ab
461,o
461,p
461,w
461,a
461,i
461,z
461,aa
461,ab
461,j
461,x
461,s
461,aa
461,i
461,j
461,ab
461,z
461,o
461,a
461,p
461,p
461,p
461,p
461,w
461,aa
461,z
461,i
461,j
461,ab
461,s
461,n
461,u
461,aa
461,i
461,ab
461,n
461,u
461,i
461,ab
461,aa
461,o
461,z
461,b
461,q
461,af
461,a
461,b
461,c
461,g
461,k
461,l
461,d
461,m
461,y
461,c
461,f
461,ad
461,c
461,g
461,d
461,k
461,l
461,d
461,l
461,k
461,l
461,d
461,k
461,m
461,y
461,c
461,g
461,ac
462,z
462,s
462,p
462,a
462,p
462,w
462,i
462,r
462,aa
462,ab
462,n
462,u
462,aa
462,i
462,ab
462,n
462,t
462,n
462,u
462,aa
462,i
462,ab
462,n
462,t
462,n
462,u
462,aa
462,i
462,ab
462,o
462,a
462,af
462,c
462,g
462,d
462,k
462,l
462,l
462,k
462,d
462,m
462,y
462,c
462,f
462,ad
462,c
462,f
462,ad
462,c
462,g
462,ac
462,e
463,p
463,a
463,p
463,w
463,c
463,g
463,e
464,z
464,r
464,aa
464,s
464,z
464,i
464,ab
464,x
464,af
464,a
464,q
464,aa
464,s
464,i
464,r
464,z
464,ab
464,n
464,t
464,n
464,t
464,n
464,t
464,n
464,t
464,n
464,u
464,i
464,aa
464,ab
464,x
464,af
464,a
464,i
464,ab
464,aa
464,r
464,x
464,b
464,s
464,c
464,ad
464,f
464,c
464,g
464,l
464,d
464,k
464,l
464,k
464,d
464,v
464,ae
464,c
464,ad
464,f
464,c
464,ad
464,f
464,c
464,g
464,ac
464,e
465,c
465,g
465,k
465,d
465,l
465,m
465,y
465,c
465,f
465,ad
465,c
465,ad
465,f
465,c
465,f
465,ad
465,c
465,g
465,l
465,k
465,d
465,d
465,l
465,k
465,m
465,y
465,c
465,f
465,ad
465,c
465,g
465,k
465,l
465,d
465,l
465,k
465,d
465,m
465,y
465,c
465,g
465,e
465,ac
466,af
466,a
466,q
466,c
466,g
466,k
466,l
466,d
466,k
466,l
466,d
466,d
466,l
466,k
466,d
466,l
466,k
466,m
466,y
466,c
466,f
466,ad
466,c
466,g
466,l
466,k
466,d
466,ae
466,v
466,c
466,f
466,ad
466,c
466,g
466,k
466,l
466,d
466,d
466,k
466,l
466,v
466,ae
466,c
466,ad
466,f
466,c
466,f
466,ad
466,c
466,g
466,d
466,k
466,l
466,m
466,y
466,c
466,ad
466,f
466,c
466,g
466,e
467,r
467,z
467,aa
467,s
467,i
467,ab
467,n
467,t
467,n
467,u
467,aa
467,i
467,ab
467,n
467,u
467,aa
467,i
467,ab
467,o
467,a
467,p
467,w
467,s
467,r
467,z
467,i
467,aa
467,ab
467,n
467,u
467,i
467,aa
467,ab
467,n
467,u
467,aa
467,i
467,ab
467,n
467,u
467,i
467,ab
467,aa
467,n
467,u
467,aa
467,i
467,ab
467,n
467,t
467,n
467,u
467,aa
467,i
467,ab
467,o
467,c
467,ad
467,f
467,c
467,ad
467,f
467,c
467,f
467,ad
467,c
467,ad
467,f
467,c
467,ad
467,f
467,c
467,ad
467,f
467,c
467,f
467,ad
467,c
467,g
467,e
467,ac
468,p
468,w
468,a
468,aa
468,s
468,b
468,z
468,j
468,i
468,ab
468,x
468,r
468,i
468,s
468,aa
468,ab
468,x
468,c
468,g
468,ac
469,a
469,af
469,c
469,g
469,k
469,d
469,l
469,d
469,k
469,l
469,v
469,ae
469,c
469,f
469,ad
469,c
469,ad
469,f
469,c
469,f
469,ad
469,c
469,f
469,ad
469,c
469,ad
469,f
469,c
469,g
469,e
470,c
470,g
470,ac
470,e
471,c
471,g
471,ac
471,e
472,c
472,g
472,e
472,ac
473,a
473,p
473,w
473,r
473,i
473,b
473,ab
473,s
473,aa
473,n
473,t
473,n
473,t
473,n
473,u
473,aa
473,i
473,ab
473,n
473,u
473,aa
473,i
473,ab
473,n
473,t
473,n
473,t
473,n
473,u
473,i
473,ab
473,aa
473,n
473,t
473,n
473,t
473,n
473,u
473,i
473,aa
473,ab
473,o
473,a
473,af
473,c
473,ad
473,f
473,c
473,g
473,e
474,c
474,g
474,k
474,d
474,l
474,l
474,k
474,d
474,l
474,k
474,d
474,l
474,d
474,k
474,l
474,k
474,d
474,ae
474,v
474,c
474,g
474,e
474,ac
475,c
475,f
475,ad
475,c
475,g
475,ac
476,p
476,a
476,w
476,z
476,aa
476,b
476,j
476,i
476,ab
476,o
476,c
476,g
476,l
476,k
476,d
476,k
476,l
476,d
476,h
476,c
476,g
476,ac
477,af
477,a
477,c
477,g
477,ac
478,a
478,q
478,af
478,c
478,g
478,e
478,ac
479,q
479,a
479,aa
479,j
479,i
479,s
479,ab
479,o
479,a
479,af
479,q
479,c
479,g
479,e
479,ac
480,c
480,g
480,e
481,a
481,p
481,w
481,s
481,b
481,a
481,p
481,w
481,b
481,j
481,z
481,aa
481,i
481,ab
481,o
481,c
481,ad
481,f
481,c
481,g
481,d
481,k
481,l
481,h
481,c
481,g
481,l
481,d
481,k
481,m
481,y
481,c
481,g
481,ac
481,e
482,a
482,q
482,af
482,s
482,aa
482,j
482,i
482,ab
482,o
482,p
482,a
482,w
482,b
482,s
482,z
482,c
482,g
482,e
483,c
483,g
483,k
483,d
483,l
483,v
483,ae
483,c
483,ad
483,f
483,c
483,g
483,l
483,d
483,k
483,h
483,c
483,g
483,k
483,l
483,d
483,v
483,ae
483,c
483,f
483,ad
483,c
483,g
483,e
483,ac
484,c
484,f
484,ad
484,c
484,g
484,e
485,a
485,p
485,p
485,w
485,c
485,g
485,d
485,l
485,k
485,d
485,l
485,k
485,v
485,ae
485,c
485,g
485,ac
485,e
486,c
486,ad
486,f
486,c
486,ad
486,f
486,c
486,g
486,ac
487,c
487,ad
487,f
487,c
487,g
487,e
487,ac
488,r
488,aa
488,i
488,ab
488,s
488,z
488,n
488,u
488,i
488,aa
488,ab
488,n
488,t
488,n
488,t
488,n
488,t
488,n
488,t
488,n
488,u
488,i
488,ab
488,aa
488,n
488,t
488,n
488,t
488,n
488,u
488,i
488,aa
488,ab
488,n
488,u
488,i
488,aa
488,ab
488,x
488,p
488,a
488,p
488,w
488,b
488,aa
488,i
488,ab
488,z
488,r
488,n
488,t
488,n
488,t
488,n
488,u
488,i
488,aa
488,ab
488,x
488,a
488,af
488,j
488,b
488,i
488,aa
488,ab
488,x
488,b
488,s
488,p
488,a
488,w
488,c
488,g
488,ac
489,a
489,q
489,af
489,j
489,z
489,i
489,ab
489,aa
489,o
489,b
489,c
489,ad
489,f
489,c
489,f
489,ad
489,c
489,g
489,k
489,l
489,d
489,l
489,k
489,d
489,h
489,c
489,g
489,ac
489,e
490,a
490,q
490,c
490,f
490,ad
490,c
490,f
490,ad
490,c
490,g
490,k
490,d
490,l
490,l
490,d
490,k
490,m
490,y
490,c
490,g
490,ac
491,a
491,q
491,s
491,b
491,b
491,z
491,a
491,p
491,p
491,w
491,z
491,s
491,b
491,p
491,a
491,w
491,z
491,s
491,c
491,g
491,e
491,ac
492,af
492,q
492,a
492,c
492,g
492,l
492,d
492,k
492,ae
492,v
492,c
492,f
492,ad
492,c
492,f
492,ad
492,c
492,g
492,l
492,d
492,k
492,m
492,y
492,c
492,ad
492,f
492,c
492,g
492,ac
493,z
493,s
493,s
493,b
493,af
493,a
493,c
493,g
493,e
493,ac
494,a
494,p
494,w
494,s
494,a
494,p
494,p
494,w
494,r
494,i
494,z
494,b
494,ab
494,aa
494,n
494,u
494,i
494,aa
494,ab
494,n
494,u
494,aa
494,i
494,ab
494,n
494,t
494,n
494,t
494,n
494,t
494,n
494,t
494,n
494,t
494,n
494,u
494,i
494,ab
494,aa
494,o
494,a
494,p
494,w
494,c
494,ad
494,f
494,c
494,ad
494,f
494,c
494,ad
494,f
494,c
494,g
494,k
494,d
494,l
494,v
494,ae
494,c
494,ad
494,f
494,c
494,g
494,k
494,d
494,l
494,h
494,c
494,ad
494,f
494,c
494,g
494,l
494,d
494,k
494,l
494,d
494,k
494,k
494,d
494,l
494,m
494,y
494,c
494,g
494,ac
495,r
495,i
495,aa
495,z
495,ab
495,o
495,p
495,a
495,w
495,c
495,ad
495,f
495,c
495,f
495,ad
495,c
495,ad
495,f
495,c
495,ad
495,f
495,c
495,f
495,ad
495,c
495,ad
495,f
495,c
495,ad
495,f
495,c
495,f
495,ad
495,c
495,g
495,e
496,j
496,aa
496,s
496,z
496,i
496,ab
496,o
496,a
496,p
496,p
496,w
496,c
496,f
496,ad
496,c
496,g
496,d
496,l
496,k
496,m
496,y
496,c
496,g
496,ac
497,c
497,f
497,ad
497,c
497,ad
497,f
497,c
497,g
497,ac
498,q
498,a
498,af
498,aa
498,s
498,j
498,b
498,z
498,i
498,ab
498,x
498,c
498,ad
498,f
498,c
498,f
498,ad
498,c
498,g
498,e
499,a
499,af
499,aa
499,s
499,r
499,i
499,z
499,ab
499,o
499,p
499,w
499,a
499,c
499,f
499,ad
499,c
499,g
499,k
499,d
499,l
499,k
499,l
499,d
499,k
499,d
499,l
499,m
499,y
499,c
499,g
499,e
499,ac
500,a
500,af
500,c
500,g
500,ac
501,p
501,a
501,p
501,p
501,w
501,c
501,g
501,k
501,l
501,d
501,m
501,y
501,c
501,g
501,e
502,af
502,a
502,s
502,r
502,i
502,b
502,ab
502,aa
502,x
502,af
502,a
502,s
502,z
502,i
502,aa
502,ab
502,j
502,n
502,u
502,i
502,aa
502,ab
502,n
502,u
502,i
502,ab
502,aa
502,n
502,t
502,n
502,t
502,n
502,u
502,i
502,aa
502,ab
502,o
502,c
502,g
502,ac
503,af
503,a
503,s
503,b
503,z
503,a
503,af
503,q
503,z
503,s
503,a
503,p
503,p
503,w
503,c
503,f
503,ad
503,c
503,g
503,e
503,ac
504,a
504,q
504,z
504,aa
504,i
504,j
504,ab
504,n
504,u
504,aa
504,i
504,ab
504,o
504,c
504,g
504,k
504,d
504,l
504,d
504,l
504,k
504,d
504,k
504,l
504,v
504,ae
504,c
504,g
504,d
504,l
504,k
504,d
504,l
504,k
504,h
504,c
504,ad
504,f
504,c
504,g
504,ac
504,e
505,c
505,g
505,e
506,p
506,a
506,w
506,r
506,b
506,i
506,aa
506,s
506,ab
506,n
506,z
506,u
506,aa
506,i
506,ab
506,o
506,c
506,ad
506,f
506,c
506,f
506,ad
506,c
506,ad
506,f
506,c
506,g
506,ac
506,e
507,c
507,f
507,ad
507,c
507,f
507,ad
507,c
507,g
507,e
508,i
508,ab
508,aa
508,z
508,b
508,r
508,s
508,o
508,af
508,a
508,s
508,z
508,r
508,i
508,ab
508,aa
508,x
508,c
508,f
508,ad
508,c
508,ad
508,f
508,c
508,g
508,d
508,k
508,l
508,d
508,k
508,l
508,k
508,d
508,l
508,h
508,c
508,f
508,ad
508,c
508,g
508,d
508,k
508,l
508,d
508,k
508,l
508,d
508,l
508,k
508,d
508,l
508,k
508,d
508,k
508,l
508,m
508,y
508,c
508,g
508,l
508,k
508,d
508,m
508,y
508,c
508,g
508,l
508,k
508,d
508,l
508,d
508,k
508,h
508,c
508,g
508,ac
508,e
509,i
509,r
509,ab
509,z
509,aa
509,n
509,u
509,aa
509,i
509,ab
509,x
509,p
509,a
509,p
509,p
509,p
509,w
509,s
509,z
509,a
509,q
509,s
509,p
509,a
509,w
509,c
509,f
509,ad
509,c
509,g
509,k
509,l
509,d
509,k
509,d
509,l
509,ae
509,v
509,c
509,g
509,d
509,k
509,l
509,h
509,c
509,ad
509,f
509,c
509,f
509,ad
509,c
509,f
509,ad
509,c
509,g
509,ac
510,s
510,b
510,b
510,i
510,aa
510,z
510,r
510,ab
510,o
510,c
510,g
510,ac
511,a
511,p
511,p
511,p
511,p
511,w
511,j
511,i
511,z
511,aa
511,ab
511,n
511,u
511,i
511,aa
511,ab
511,n
511,t
511,n
511,u
511,aa
511,i
511,ab
511,x
511,s
511,b
511,z
511,c
511,ad
511,f
511,c
511,ad
511,f
511,c
511,g
511,e
512,i
512,s
512,aa
512,ab
512,o
512,r
512,a
512,q
512,c
512,g
512,l
512,k
512,d
512,m
512,y
512,c
512,g
512,e
512,ac
513,c
513,g
513,k
513,d
513,l
513,d
513,l
513,k
513,m
513,y
513,c
513,f
513,ad
513,c
513,f
513,ad
513,c
513,f
513,ad
513,c
513,f
513,ad
513,c
513,f
513,ad
513,c
513,f
513,ad
513,c
513,ad
513,f
513,c
513,ad
513,f
513,c
513,ad
513,f
513,c
513,ad
513,f
513,c
513,f
513,ad
513,c
513,g
513,e
513,ac
514,i
514,z
514,b
514,aa
514,r
514,ab
514,n
514,t
514,n
514,t
514,n
514,u
514,i
514,aa
514,ab
514,o
514,s
514,c
514,g
514,e
515,i
515,j
515,aa
515,ab
515,z
515,b
515,n
515,u
515,aa
515,i
515,ab
515,n
515,u
515,i
515,aa
515,ab
515,o
515,p
515,a
515,w
515,c
515,g
515,ac
516,p
516,a
516,p
516,p
516,p
516,w
516,c
516,f
516,ad
516,c
516,g
516,e
516,ac
517,c
517,ad
517,f
517,c
517,g
517,l
517,k
517,d
517,h
517,c
517,g
517,e
517,ac
518,aa
518,s
518,z
518,b
518,i
518,r
518,ab
518,n
518,t
518,n
518,u
518,i
518,aa
518,ab
518,x
518,a
518,q
518,c
518,ad
518,f
518,c
518,ad
518,f
518,c
518,g
518,e
518,ac
519,p
519,a
519,w
519,z
519,i
519,ab
519,b
519,r
519,aa
519,o
519,aa
519,z
519,b
519,s
519,i
519,r
519,ab
519,n
519,u
519,i
519,aa
519,ab
519,n
519,u
519,i
519,aa
519,ab
519,n
519,u
519,aa
519,i
519,ab
519,n
519,t
519,n
519,t
519,n
519,t
519,n
519,u
519,i
519,aa
519,ab
519,n
519,t
519,n
519,u
519,aa
519,i
519,ab
519,n
519,u
519,aa
519,i
519,ab
519,n
519,t
519,n
519,t
519,n
519,t
519,n
519,t
519,n
519,t
519,n
519,t
519,n
519,u
519,aa
519,i
519,ab
519,n
519,u
519,i
519,aa
519,ab
519,n
519,t
519,n
519,u
519,aa
519,i
519,ab
519,n
519,u
519,aa
519,i
519,ab
519,o
519,a
519,p
519,p
519,p
519,p
519,w
519,z
519,b
519,s
519,aa
519,j
519,i
519,ab
519,o
519,c
519,f
519,ad
519,c
519,g
519,e
520,a
520,p
520,p
520,w
520,s
520,b
520,p
520,a
520,w
520,c
520,g
520,d
520,k
520,l
520,m
520,y
520,c
520,g
520,d
520,k
520,l
520,h
520,c
520,g
520,e
521,z
521,b
521,a
521,af
521,q
521,c
521,ad
521,f
521,c
521,f
521,ad
521,c
521,g
521,e
522,af
522,a
522,q
522,c
522,f
522,ad
522,c
522,g
522,d
522,k
522,l
522,h
522,c
522,g
522,e
522,ac
523,c
523,g
523,l
523,k
523,d
523,v
523,ae
523,c
523,ad
523,f
523,c
523,f
523,ad
523,c
523,g
523,ac
524,a
524,q
524,af
524,b
524,aa
524,i
524,r
524,ab
524,o
524,q
524,a
524,b
524,i
524,s
524,aa
524,ab
524,j
524,n
524,u
524,aa
524,i
524,ab
524,o
524,p
524,a
524,w
524,s
524,p
524,a
524,w
524,c
524,ad
524,f
524,c
524,g
524,k
524,l
524,d
524,v
524,ae
524,c
524,g
524,l
524,d
524,k
524,ae
524,v
524,c
524,g
524,k
524,d
524,l
524,l
524,k
524,d
524,d
524,k
524,l
524,d
524,l
524,k
524,l
524,d
524,k
524,l
524,k
524,d
524,h
524,c
524,f
524,ad
524,c
524,g
524,d
524,k
524,l
524,l
524,k
524,d
524,d
524,k
524,l
524,ae
524,v
524,c
524,g
524,e
525,a
525,q
525,af
525,c
525,ad
525,f
525,c
525,g
525,e
525,ac
526,c
526,g
526,ac
526,e
527,b
527,aa
527,i
527,s
527,r
527,ab
527,x
527,q
527,a
527,af
527,c
527,g
527,ac
527,e
528,s
528,c
528,ad
528,f
528,c
528,ad
528,f
528,c
528,ad
528,f
528,c
528,ad
528,f
528,c
528,ad
528,f
528,c
528,ad
528,f
528,c
528,g
528,e
529,b
529,z
529,c
529,f
529,ad
529,c
529,g
529,ac
530,af
530,q
530,a
530,z
530,b
530,p
530,a
530,w
530,c
530,g
530,e
530,ac
531,b
531,af
531,q
531,a
531,aa
531,i
531,s
531,j
531,ab
531,x
531,aa
531,j
531,s
531,i
531,z
531,b
531,ab
531,n
531,u
531,i
531,aa
531,ab
531,n
531,t
531,n
531,u
531,i
531,aa
531,ab
531,n
531,t
531,n
531,t
531,n
531,u
531,i
531,aa
531,ab
531,n
531,u
531,aa
531,i
531,ab
531,o
531,p
531,p
531,a
531,p
531,p
531,p
531,w
531,b
531,z
531,s
531,aa
531,j
531,z
531,i
531,ab
531,x
531,c
531,ad
531,f
531,c
531,g
531,k
531,d
531,l
531,d
531,k
531,l
531,m
531,y
531,c
531,g
531,e
531,ac
532,q
532,af
532,a
532,c
532,ad
532,f
532,c
532,ad
532,f
532,c
532,ad
532,f
532,c
532,ad
532,f
532,c
532,f
532,ad
532,c
532,f
532,ad
532,c
532,f
532,ad
532,c
532,g
532,k
532,d
532,l
532,ae
532,v
532,c
532,g
532,d
532,k
532,l
532,k
532,d
532,l
532,h
532,c
532,f
532,ad
532,c
532,g
532,e
533,b
533,a
533,p
533,w
533,z
533,j
533,b
533,i
533,z
533,aa
533,ab
533,x
533,c
533,ad
533,f
533,c
533,ad
533,f
533,c
533,f
533,ad
533,c
533,g
533,ac
534,q
534,a
534,c
534,ad
534,f
534,c
534,ad
534,f
534,c
534,f
534,ad
534,c
534,f
534,ad
534,c
534,ad
534,f
534,c
534,f
534,ad
534,c
534,ad
534,f
534,c
534,g
534,ac
534,e
535,af
535,a
535,aa
535,i
535,z
535,j
535,ab
535,x
535,q
535,a
535,aa
535,b
535,i
535,z
535,r
535,s
535,ab
535,x
535,p
535,p
535,a
535,p
535,p
535,p
535,p
535,w
535,z
535,c
535,g
535,e
535,ac
536,aa
536,r
536,i
536,ab
536,o
536,i
536,b
536,s
536,r
536,ab
536,aa
536,z
536,n
536,t
536,n
536,t
536,n
536,t
536,n
536,t
536,n
536,u
536,i
536,aa
536,ab
536,n
536,t
536,n
536,t
536,n
536,t
536,n
536,t
536,n
536,u
536,i
536,aa
536,ab
536,n
536,u
536,aa
536,i
536,ab
536,n
536,u
536,aa
536,i
536,ab
536,n
536,u
536,aa
536,i
536,ab
536,x
536,c
536,ad
536,f
536,c
536,g
536,d
536,k
536,l
536,l
536,d
536,k
536,l
536,d
536,k
536,k
536,d
536,l
536,l
536,d
536,k
536,h
536,c
536,g
536,ac
537,c
537,f
537,ad
537,c
537,g
537,d
537,l
537,k
537,k
537,d
537,l
537,d
537,k
537,l
537,h
537,c
537,g
537,k
537,l
537,d
537,m
537,y
537,c
537,g
537,l
537,d
537,k
537,m
537,y
537,c
537,ad
537,f
537,c
537,g
537,ac
538,c
538,g
538,k
538,d
538,l
538,l
538,k
538,d
538,d
538,k
538,l
538,ae
538,v
538,c
538,g
538,ac
538,e
539,af
539,q
539,a
539,aa
539,i
539,s
539,j
539,ab
539,o
539,c
539,g
539,ac
539,e
540,p
540,a
540,w
540,b
540,z
540,s
540,c
540,g
540,e
540,ac
541,j
541,aa
541,i
541,ab
541,b
541,n
541,u
541,aa
541,i
541,ab
541,n
541,t
541,n
541,t
541,n
541,u
541,i
541,aa
541,ab
541,x
541,p
541,a
541,p
541,w
541,c
541,f
541,ad
541,c
541,g
541,ac
542,aa
542,s
542,i
542,b
542,ab
542,r
542,z
542,x
542,q
542,af
542,a
542,c
542,ad
542,f
542,c
542,ad
542,f
542,c
542,g
542,e
543,a
543,q
543,af
543,c
543,f
543,ad
543,c
543,f
543,ad
543,c
543,g
543,k
543,d
543,l
543,l
543,k
543,d
543,k
543,l
543,d
543,d
543,k
543,l
543,v
543,ae
543,c
543,ad
543,f
543,c
543,g
543,e
543,ac
544,a
544,p
544,p
544,w
544,c
544,g
544,k
544,l
544,d
544,d
544,l
544,k
544,v
544,ae
544,c
544,g
544,k
544,d
544,l
544,m
544,y
544,c
544,ad
544,f
544,c
544,f
544,ad
544,c
544,f
544,ad
544,c
544,g
544,d
544,l
544,k
544,k
544,d
544,l
544,k
544,l
544,d
544,k
544,d
544,l
544,v
544,ae
544,c
544,f
544,ad
544,c
544,g
544,k
544,d
544,l
544,l
544,d
544,k
544,k
544,d
544,l
544,l
544,d
544,k
544,m
544,y
544,c
544,g
544,e
544,ac
545,a
545,af
545,c
545,ad
545,f
545,c
545,f
545,ad
545,c
545,ad
545,f
545,c
545,f
545,ad
545,c
545,f
545,ad
545,c
545,f
545,ad
545,c
545,f
545,ad
545,c
545,f
545,ad
545,c
545,ad
545,f
545,c
545,f
545,ad
545,c
545,g
545,e
546,af
546,a
546,s
546,z
546,i
546,b
546,ab
546,aa
546,x
546,j
546,a
546,p
546,w
546,c
546,g
546,ac
546,e
547,a
547,p
547,p
547,p
547,p
547,w
547,c
547,g
547,e
548,p
548,w
548,a
548,c
548,ad
548,f
548,c
548,g
548,ac
549,af
549,a
549,q
549,j
549,s
549,z
549,i
549,ab
549,aa
549,b
549,n
549,t
549,n
549,t
549,n
549,u
549,i
549,ab
549,aa
549,n
549,u
549,aa
549,i
549,ab
549,n
549,t
549,n
549,t
549,n
549,t
549,n
549,u
549,i
549,aa
549,ab
549,o
549,i
549,z
549,aa
549,j
549,s
549,ab
549,n
549,t
549,n
549,u
549,aa
549,i
549,ab
549,n
549,t
549,n
549,u
549,i
549,aa
549,ab
549,o
549,a
549,p
549,w
549,r
549,z
549,i
549,aa
549,s
549,ab
549,n
549,t
549,n
549,u
549,aa
549,i
549,ab
549,x
549,b
549,s
549,z
549,b
549,p
549,a
549,w
549,c
549,g
549,ac
549,e
550,c
550,f
550,ad
550,c
550,f
550,ad
550,c
550,g
550,d
550,k
550,l
550,d
550,k
550,l
550,l
550,d
550,k
550,ae
550,v
550,c
550,g
550,e
551,s
551,b
551,q
551,af
551,a
551,z
551,s
551,b
551,c
551,f
551,ad
551,c
551,ad
551,f
551,c
551,ad
551,f
551,c
551,g
551,d
551,l
551,k
551,ae
551,v
551,c
551,g
551,l
551,k
551,d
551,k
551,l
551,d
551,d
551,l
551,k
551,d
551,k
551,l
551,k
551,l
551,d
551,h
551,c
551,f
551,ad
551,c
551,f
551,ad
551,c
551,ad
551,f
551,c
551,ad
551,f
551,c
551,f
551,ad
551,c
551,ad
551,f
551,c
551,g
551,k
551,d
551,l
551,l
551,d
551,k
551,m
551,y
551,c
551,g
551,e
552,c
552,ad
552,f
552,c
552,ad
552,f
552,c
552,ad
552,f
552,c
552,g
552,d
552,k
552,l
552,l
552,k
552,d
552,d
552,l
552,k
552,h
552,c
552,g
552,l
552,k
552,d
552,ae
552,v
552,c
552,f
552,ad
552,c
552,g
552,ac
552,e
553,af
553,a
553,q
553,i
553,b
553,aa
553,z
553,r
553,ab
553,x
553,q
553,a
553,b
553,s
553,p
553,a
553,w
553,c
553,f
553,ad
553,c
553,g
553,d
553,k
553,l
553,ae
553,v
553,c
553,g
553,l
553,k
553,d
553,d
553,l
553,k
553,h
553,c
553,g
553,d
553,k
553,l
553,d
553,k
553,l
553,k
553,d
553,l
553,h
553,c
553,g
553,k
553,d
553,l
553,v
553,ae
553,c
553,ad
553,f
553,c
553,g
553,e
553,ac
554,p
554,a
554,w
554,s
554,i
554,aa
554,r
554,ab
554,n
554,u
554,aa
554,i
554,ab
554,o
554,af
554,a
554,q
554,s
554,z
554,b
554,p
554,a
554,p
554,w
554,s
554,aa
554,z
554,b
554,j
554,i
554,ab
554,n
554,t
554,n
554,t
554,n
554,u
554,aa
554,i
554,ab
554,o
554,c
554,g
554,e
555,c
555,g
555,e
556,a
556,p
556,p
556,p
556,w
556,c
556,f
556,ad
556,c
556,f
556,ad
556,c
556,f
556,ad
556,c
556,f
556,ad
556,c
556,g
556,ac
557,c
557,g
557,e
557,ac
558,p
558,a
558,w
558,c
558,g
558,l
558,k
558,d
558,h
558,c
558,f
558,ad
558,c
558,ad
558,f
558,c
558,f
558,ad
558,c
558,ad
558,f
558,c
558,ad
558,f
558,c
558,g
558,e
558,ac
559,q
559,a
559,c
559,ad
559,f
559,c
559,ad
559,f
559,c
559,ad
559,f
559,c
559,g
559,k
559,d
559,l
559,m
559,y
559,c
559,f
559,ad
559,c
559,g
559,l
559,k
559,d
559,l
559,k
559,d
559,d
559,k
559,l
559,ae
559,v
559,c
559,g
559,k
559,l
559,d
559,m
559,y
559,c
559,f
559,ad
559,c
559,ad
559,f
559,c
559,g
559,l
559,k
559,d
559,h
559,c
559,ad
559,f
559,c
559,g
559,l
559,d
559,k
559,l
559,d
559,k
559,v
559,ae
559,c
559,g
559,e
560,c
560,g
560,k
560,d
560,l
560,k
560,l
560,d
560,k
560,l
560,d
560,l
560,k
560,d
560,k
560,d
560,l
560,k
560,l
560,d
560,m
560,y
560,c
560,g
560,l
560,d
560,k
560,v
560,ae
560,c
560,ad
560,f
560,c
560,ad
560,f
560,c
560,g
560,e
560,ac
561,c
561,g
561,l
561,k
561,d
561,d
561,k
561,l
561,d
561,k
561,l
561,m
561,y
561,c
561,ad
561,f
561,c
561,f
561,ad
561,c
561,f
561,ad
561,c
561,ad
561,f
561,c
561,f
561,ad
561,c
561,g
561,k
561,l
561,d
561,h
561,c
561,ad
561,f
561,c
561,ad
561,f
561,c
561,g
561,d
561,k
561,l
561,h
561,c
561,g
561,d
561,k
561,l
561,h
561,c
561,g
561,l
561,k
561,d
561,d
561,l
561,k
561,m
561,y
561,c
561,f
561,ad
561,c
561,g
561,d
561,l
561,k
561,l
561,d
561,k
561,h
561,c
561,g
561,d
561,k
561,l
561,m
561,y
561,c
561,f
561,ad
561,c
561,f
561,ad
561,c
561,g
561,l
561,d
561,k
561,ae
561,v
561,c
561,ad
561,f
561,c
561,f
561,ad
561,c
561,ad
561,f
561,c
561,f
561,ad
561,c
561,g
561,e
562,c
562,g
562,k
562,d
562,l
562,l
562,d
562,k
562,v
562,ae
562,c
562,g
562,ac
562,e
563,z
563,a
563,af
563,c
563,f
563,ad
563,c
563,ad
563,f
563,c
563,f
563,ad
563,c
563,g
563,l
563,d
563,k
563,d
563,l
563,k
563,m
563,y
563,c
563,f
563,ad
563,c
563,ad
563,f
563,c
563,g
563,d
563,l
563,k
563,k
563,d
563,l
563,k
563,d
563,l
563,d
563,l
563,k
563,d
563,l
563,k
563,h
563,c
563,g
563,d
563,l
563,k
563,h
563,c
563,g
563,k
563,l
563,d
563,h
563,c
563,f
563,ad
563,c
563,g
563,e
564,a
564,af
564,j
564,s
564,z
564,b
564,i
564,aa
564,ab
564,n
564,u
564,aa
564,i
564,ab
564,x
564,a
564,p
564,p
564,p
564,p
564,p
564,w
564,c
564,g
564,k
564,d
564,l
564,m
564,y
564,c
564,g
564,d
564,l
564,k
564,h
564,c
564,ad
564,f
564,c
564,g
564,ac
564,e
565,af
565,a
565,aa
565,b
565,i
565,j
565,s
565,ab
565,x
565,a
565,p
565,w
565,s
565,aa
565,r
565,i
565,ab
565,x
565,a
565,q
565,af
565,b
565,z
565,c
565,f
565,ad
565,c
565,f
565,ad
565,c
565,f
565,ad
565,c
565,g
565,ac
566,a
566,q
566,z
566,i
566,r
566,aa
566,ab
566,n
566,t
566,n
566,u
566,i
566,ab
566,aa
566,x
566,a
566,af
566,c
566,ad
566,f
566,c
566,f
566,ad
566,c
566,ad
566,f
566,c
566,f
566,ad
566,c
566,g
566,l
566,k
566,d
566,d
566,k
566,l
566,l
566,k
566,d
566,k
566,d
566,l
566,l
566,k
566,d
566,m
566,y
566,c
566,f
566,ad
566,c
566,g
566,k
566,d
566,l
566,d
566,l
566,k
566,h
566,c
566,g
566,e
567,j
567,i
567,ab
567,aa
567,z
567,s
567,x
567,b
567,q
567,a
567,af
567,i
567,j
567,ab
567,b
567,aa
567,s
567,x
567,c
567,ad
567,f
567,c
567,g
567,d
567,k
567,l
567,l
567,k
567,d
567,h
567,c
567,f
567,ad
567,c
567,ad
567,f
567,c
567,f
567,ad
567,c
567,ad
567,f
567,c
567,f
567,ad
567,c
567,f
567,ad
567,c
567,ad
567,f
567,c
567,f
567,ad
567,c
567,f
567,ad
567,c
567,f
567,ad
567,c
567,f
567,ad
567,c
567,f
567,ad
567,c
567,g
567,ac
567,e
568,a
568,p
568,p
568,p
568,w
568,b
568,r
568,s
568,aa
568,i
568,ab
568,n
568,u
568,i
568,aa
568,ab
568,n
568,t
568,n
568,u
568,i
568,ab
568,aa
568,n
568,t
568,n
568,u
568,aa
568,i
568,ab
568,n
568,t
568,n
568,t
568,n
568,t
568,n
568,t
568,n
568,t
568,n
568,t
568,n
568,t
568,n
568,u
568,i
568,aa
568,ab
568,x
568,q
568,a
568,af
568,z
568,s
568,b
568,j
568,aa
568,i
568,ab
568,n
568,u
568,i
568,aa
568,ab
568,x
568,p
568,w
568,a
568,c
568,g
568,l
568,d
568,k
568,d
568,l
568,k
568,d
568,l
568,k
568,l
568,d
568,k
568,v
568,ae
568,c
568,g
568,d
568,l
568,k
568,l
568,d
568,k
568,d
568,k
568,l
568,l
568,d
568,k
568,l
568,d
568,k
568,m
568,y
568,c
568,g
568,d
568,l
568,k
568,k
568,l
568,d
568,d
568,k
568,l
568,d
568,k
568,l
568,m
568,y
568,c
568,f
568,ad
568,c
568,f
568,ad
568,c
568,f
568,ad
568,c
568,g
568,k
568,d
568,l
568,l
568,k
568,d
568,d
568,k
568,l
568,l
568,d
568,k
568,k
568,d
568,l
568,ae
568,v
568,c
568,f
568,ad
568,c
568,g
568,e
569,p
569,a
569,w
569,z
569,b
569,i
569,s
569,ab
569,r
569,aa
569,x
569,a
569,q
569,af
569,z
569,s
569,c
569,g
569,e
569,ac
570,c
570,f
570,ad
570,c
570,g
570,e
571,a
571,p
571,w
571,z
571,r
571,i
571,aa
571,ab
571,n
571,t
571,n
571,t
571,n
571,t
571,n
571,u
571,i
571,aa
571,ab
571,n
571,t
571,n
571,t
571,n
571,u
571,i
571,aa
571,ab
571,n
571,u
571,aa
571,i
571,ab
571,n
571,t
571,n
571,t
571,n
571,u
571,i
571,aa
571,ab
571,x
571,z
571,b
571,s
571,af
571,a
571,c
571,g
571,ac
572,s
572,i
572,j
572,b
572,z
572,aa
572,ab
572,o
572,q
572,a
572,s
572,b
572,c
572,g
572,ac
572,e
573,af
573,a
573,s
573,b
573,i
573,j
573,z
573,aa
573,ab
573,o
573,c
573,f
573,ad
573,c
573,g
573,k
573,d
573,l
573,k
573,l
573,d
573,d
573,l
573,k
573,m
573,y
573,c
573,f
573,ad
573,c
573,g
573,l
573,k
573,d
573,k
573,d
573,l
573,k
573,l
573,d
573,k
573,l
573,d
573,m
573,y
573,c
573,g
573,l
573,k
573,d
573,k
573,l
573,d
573,l
573,d
573,k
573,l
573,k
573,d
573,m
573,y
573,c
573,g
573,d
573,k
573,l
573,ae
573,v
573,c
573,ad
573,f
573,c
573,g
573,ac
573,e
574,a
574,p
574,w
574,c
574,ad
574,f
574,c
574,f
574,ad
574,c
574,ad
574,f
574,c
574,ad
574,f
574,c
574,ad
574,f
574,c
574,g
574,ac
574,e
575,c
575,f
575,ad
575,c
575,ad
575,f
575,c
575,ad
575,f
575,c
575,g
575,ac
575,e
576,af
576,a
576,q
576,j
576,i
576,ab
576,z
576,aa
576,x
576,a
576,q
576,b
576,aa
576,j
576,i
576,ab
576,n
576,t
576,n
576,t
576,n
576,t
576,n
576,t
576,n
576,t
576,n
576,u
576,aa
576,i
576,ab
576,x
576,z
576,a
576,p
576,w
576,z
576,j
576,i
576,aa
576,ab
576,x
576,aa
576,i
576,j
576,ab
576,z
576,o
576,i
576,r
576,ab
576,aa
576,b
576,o
576,af
576,a
576,aa
576,j
576,z
576,i
576,ab
576,x
576,aa
576,s
576,b
576,r
576,i
576,z
576,ab
576,n
576,t
576,n
576,u
576,aa
576,i
576,ab
576,x
576,a
576,p
576,w
576,c
576,ad
576,f
576,c
576,g
576,ac
576,e
577,j
577,aa
577,s
577,i
577,ab
577,o
577,c
577,g
577,l
577,d
577,k
577,d
577,l
577,k
577,m
577,y
577,c
577,ad
577,f
577,c
577,f
577,ad
577,c
577,f
577,ad
577,c
577,f
577,ad
577,c
577,ad
577,f
577,c
577,ad
577,f
577,c
577,f
577,ad
577,c
577,f
577,ad
577,c
577,g
577,e
578,p
578,a
578,p
578,p
578,p
578,p
578,p
578,w
578,c
578,ad
578,f
578,c
578,g
578,e
578,ac
579,a
579,p
579,w
579,i
579,r
579,ab
579,b
579,s
579,z
579,aa
579,n
579,u
579,i
579,aa
579,ab
579,n
579,u
579,aa
579,i
579,ab
579,x
579,a
579,p
579,p
579,w
579,c
579,ad
579,f
579,c
579,f
579,ad
579,c
579,ad
579,f
579,c
579,ad
579,f
579,c
579,f
579,ad
579,c
579,ad
579,f
579,c
579,g
579,e
579,ac
580,a
580,q
580,af
580,c
580,f
580,ad
580,c
580,ad
580,f
580,c
580,ad
580,f
580,c
580,f
580,ad
580,c
580,ad
580,f
580,c
580,f
580,ad
580,c
580,g
580,e
581,c
581,g
581,e
581,ac
582,aa
582,r
582,i
582,ab
582,o
582,af
582,q
582,a
582,b
582,s
582,c
582,f
582,ad
582,c
582,f
582,ad
582,c
582,g
582,ac
583,b
583,z
583,a
583,p
583,w
583,aa
583,b
583,j
583,i
583,ab
583,o
583,a
583,p
583,w
583,b
583,aa
583,i
583,j
583,ab
583,x
583,af
583,a
583,z
583,b
583,i
583,aa
583,r
583,ab
583,o
583,a
583,p
583,w
583,b
583,aa
583,i
583,r
583,z
583,ab
583,o
583,a
583,p
583,w
583,c
583,f
583,ad
583,c
583,g
583,k
583,l
583,d
583,m
583,y
583,c
583,ad
583,f
583,c
583,f
583,ad
583,c
583,ad
583,f
583,c
583,g
583,ac
583,e
584,p
584,a
584,w
584,c
584,g
584,d
584,l
584,k
584,m
584,y
584,c
584,f
584,ad
584,c
584,f
584,ad
584,c
584,g
584,l
584,k
584,d
584,d
584,l
584,k
584,d
584,l
584,k
584,m
584,y
584,c
584,f
584,ad
584,c
584,g
584,d
584,l
584,k
584,d
584,k
584,l
584,v
584,ae
584,c
584,g
584,l
584,d
584,k
584,l
584,d
584,k
584,l
584,k
584,d
584,v
584,ae
584,c
584,g
584,k
584,l
584,d
584,v
584,ae
584,c
584,ad
584,f
584,c
584,g
584,e
584,ac
585,a
585,p
585,p
585,p
585,w
585,z
585,s
585,j
585,aa
585,i
585,ab
585,n
585,u
585,aa
585,i
585,ab
585,n
585,u
585,i
585,aa
585,ab
585,n
585,t
585,n
585,u
585,i
585,ab
585,aa
585,x
585,r
585,i
585,s
585,aa
585,b
585,ab
585,o
585,r
585,i
585,b
585,ab
585,aa
585,s
585,z
585,o
585,q
585,a
585,af
585,c
585,g
585,ac
585,e
586,p
586,a
586,p
586,w
586,aa
586,z
586,j
586,b
586,i
586,s
586,ab
586,n
586,u
586,i
586,aa
586,ab
586,n
586,u
586,aa
586,i
586,ab
586,n
586,u
586,aa
586,i
586,ab
586,n
586,t
586,n
586,u
586,i
586,ab
586,aa
586,n
586,u
586,i
586,aa
586,ab
586,n
586,u
586,i
586,aa
586,ab
586,n
586,u
586,i
586,aa
586,ab
586,n
586,u
586,aa
586,i
586,ab
586,n
586,t
586,n
586,t
586,n
586,u
586,aa
586,i
586,ab
586,n
586,u
586,aa
586,i
586,ab
586,n
586,u
586,aa
586,i
586,ab
586,o
586,c
586,f
586,ad
586,c
586,g
586,e
586,ac
587,af
587,q
587,a
587,i
587,ab
587,aa
587,s
587,j
587,n
587,t
587,n
587,u
587,i
587,ab
587,aa
587,x
587,c
587,f
587,ad
587,c
587,g
587,ac
587,e
588,c
588,g
588,e
589,c
589,g
589,e
590,af
590,a
590,c
590,g
590,e
591,c
591,g
591,e
591,ac
592,s
592,b
592,z
592,b
592,z
592,s
592,j
592,aa
592,s
592,i
592,ab
592,o
592,a
592,p
592,w
592,c
592,g
592,ac
592,e
593,s
593,b
593,z
593,c
593,g
593,ac
593,e
594,aa
594,r
594,i
594,s
594,ab
594,n
594,u
594,aa
594,i
594,ab
594,x
594,c
594,f
594,ad
594,c
594,ad
594,f
594,c
594,g
594,ac
595,p
595,w
595,a
595,s
595,z
595,af
595,q
595,a
595,r
595,i
595,aa
595,s
595,ab
595,n
595,u
595,aa
595,i
595,ab
595,n
595,t
595,n
595,u
595,i
595,ab
595,aa
595,x
595,b
595,q
595,a
595,c
595,g
595,k
595,d
595,l
595,d
595,k
595,l
595,ae
595,v
595,c
595,f
595,ad
595,c
595,ad
595,f
595,c
595,ad
595,f
595,c
595,g
595,e
596,p
596,a
596,p
596,w
596,aa
596,z
596,s
596,r
596,i
596,ab
596,o
596,a
596,p
596,w
596,c
596,g
596,l
596,d
596,k
596,l
596,k
596,d
596,l
596,d
596,k
596,d
596,k
596,l
596,d
596,k
596,l
596,l
596,d
596,k
596,h
596,c
596,f
596,ad
596,c
596,g
596,e
596,ac
597,c
597,f
597,ad
597,c
597,g
597,e
598,a
598,p
598,p
598,w
598,s
598,aa
598,i
598,j
598,ab
598,o
598,a
598,af
598,s
598,z
598,c
598,f
598,ad
598,c
598,g
598,d
598,l
598,k
598,ae
598,v
598,c
598,f
598,ad
598,c
598,ad
598,f
598,c
598,g
598,d
598,k
598,l
598,k
598,d
598,l
598,h
598,c
598,g
598,ac
599,a
599,af
599,c
599,g
599,ac
600,a
600,p
600,p
600,p
600,p
600,w
600,c
600,f
600,ad
600,c
600,ad
600,f
600,c
600,g
600,e
600,ac
601,a
601,q
601,s
601,aa
601,j
601,z
601,i
601,ab
601,x
601,p
601,a
601,p
601,w
601,s
601,z
601,c
601,f
601,ad
601,c
601,ad
601,f
601,c
601,f
601,ad
601,c
601,f
601,ad
601,c
601,g
601,d
601,k
601,l
601,ae
601,v
601,c
601,f
601,ad
601,c
601,g
601,e
602,c
602,ad
602,f
602,c
602,f
602,ad
602,c
602,g
602,ac
603,b
603,z
603,a
603,q
603,af
603,z
603,s
603,p
603,a
603,w
603,aa
603,j
603,i
603,s
603,z
603,b
603,ab
603,n
603,t
603,n
603,t
603,n
603,t
603,n
603,t
603,n
603,u
603,i
603,aa
603,ab
603,n
603,u
603,i
603,ab
603,aa
603,x
603,q
603,a
603,aa
603,r
603,i
603,s
603,b
603,ab
603,n
603,u
603,i
603,aa
603,ab
603,o
603,c
603,g
603,k
603,l
603,d
603,m
603,y
603,c
603,g
603,ac
603,e
604,p
604,a
604,p
604,p
604,p
604,p
604,p
604,p
604,w
604,c
604,f
604,ad
604,c
604,ad
604,f
604,c
604,f
604,ad
604,c
604,g
604,e
605,p
605,p
605,a
605,p
605,w
605,c
605,g
605,ac
606,s
606,b
606,a
606,p
606,w
606,b
606,c
606,g
606,ac
606,e
607,q
607,af
607,a
607,c
607,ad
607,f
607,c
607,f
607,ad
607,c
607,ad
607,f
607,c
607,f
607,ad
607,c
607,f
607,ad
607,c
607,g
607,e
608,c
608,g
608,ac
609,z
609,s
609,s
609,b
609,i
609,aa
609,j
609,ab
609,z
609,n
609,u
609,aa
609,i
609,ab
609,n
609,t
609,n
609,u
609,i
609,aa
609,ab
609,n
609,t
609,n
609,u
609,i
609,ab
609,aa
609,n
609,t
609,n
609,u
609,i
609,aa
609,ab
609,n
609,t
609,n
609,t
609,n
609,t
609,n
609,t
609,n
609,t
609,n
609,t
609,n
609,t
609,n
609,u
609,aa
609,i
609,ab
609,x
609,c
609,f
609,ad
609,c
609,g
609,ac
610,af
610,a
610,q
610,c
610,ad
610,f
610,c
610,f
610,ad
610,c
610,g
610,l
610,d
610,k
610,l
610,d
610,k
610,l
610,d
610,k
610,h
610,c
610,g
610,e
610,ac
611,p
611,w
611,a
611,c
611,g
611,e
612,z
612,j
612,s
612,i
612,ab
612,b
612,aa
612,n
612,u
612,i
612,aa
612,ab
612,n
612,t
612,n
612,u
612,aa
612,i
612,ab
612,n
612,t
612,n
612,u
612,i
612,aa
612,ab
612,n
612,u
612,aa
612,i
612,ab
612,o
612,q
612,af
612,a
612,c
612,f
612,ad
612,c
612,ad
612,f
612,c
612,g
612,k
612,l
612,d
612,m
612,y
612,c
612,g
612,ac
613,c
613,g
613,l
613,k
613,d
613,d
613,l
613,k
613,k
613,l
613,d
613,k
613,d
613,l
613,l
613,d
613,k
613,v
613,ae
613,c
613,g
613,ac
614,i
614,r
614,s
614,z
614,aa
614,ab
614,n
614,u
614,aa
614,i
614,ab
614,o
614,q
614,a
614,c
614,g
614,e
614,ac
615,c
615,g
615,e
615,ac
616,p
616,a
616,w
616,c
616,g
616,d
616,l
616,k
616,ae
616,v
616,c
616,f
616,ad
616,c
616,g
616,ac
616,e
617,a
617,af
617,q
617,c
617,ad
617,f
617,c
617,f
617,ad
617,c
617,ad
617,f
617,c
617,g
617,e
618,s
618,b
618,z
618,aa
618,i
618,s
618,ab
618,r
618,n
618,t
618,n
618,u
618,i
618,aa
618,ab
618,o
618,c
618,g
618,k
618,l
618,d
618,d
618,k
618,l
618,l
618,d
618,k
618,k
618,d
618,l
618,m
618,y
618,c
618,g
618,k
618,l
618,d
618,h
618,c
618,g
618,k
618,d
618,l
618,m
618,y
618,c
618,ad
618,f
618,c
618,g
618,l
618,k
618,d
618,m
618,y
618,c
618,ad
618,f
618,c
618,g
618,ac
619,p
619,a
619,p
619,p
619,w
619,r
619,i
619,s
619,z
619,aa
619,b
619,ab
619,n
619,t
619,n
619,t
619,n
619,u
619,i
619,aa
619,ab
619,n
619,t
619,n
619,u
619,aa
619,i
619,ab
619,n
619,u
619,aa
619,i
619,ab
619,n
619,u
619,aa
619,i
619,ab
619,n
619,t
619,n
619,t
619,n
619,t
619,n
619,t
619,n
619,t
619,n
619,t
619,n
619,u
619,i
619,aa
619,ab
619,n
619,u
619,aa
619,i
619,ab
619,o
619,i
619,ab
619,aa
619,j
619,z
619,n
619,b
619,t
619,n
619,s
619,t
619,n
619,u
619,i
619,aa
619,ab
619,n
619,u
619,i
619,aa
619,ab
619,n
619,u
619,i
619,aa
619,ab
619,n
619,u
619,i
619,ab
619,aa
619,n
619,u
619,aa
619,i
619,ab
619,o
619,z
619,s
619,b
619,p
619,a
619,w
619,c
619,f
619,ad
619,c
619,f
619,ad
619,c
619,g
619,e
620,q
620,af
620,a
620,s
620,b
620,p
620,a
620,p
620,w
620,c
620,g
620,ac
620,e
621,q
621,a
621,af
621,s
621,af
621,q
621,a
621,z
621,s
621,c
621,ad
621,f
621,c
621,g
621,e
622,c
622,g
622,d
622,k
622,l
622,k
622,l
622,d
622,v
622,ae
622,c
622,g
622,ac
623,c
623,g
623,d
623,k
623,l
623,h
623,c
623,ad
623,f
623,c
623,f
623,ad
623,c
623,g
623,k
623,d
623,l
623,v
623,ae
623,c
623,f
623,ad
623,c
623,g
623,k
623,l
623,d
623,h
623,c
623,ad
623,f
623,c
623,ad
623,f
623,c
623,ad
623,f
623,c
623,ad
623,f
623,c
623,ad
623,f
623,c
623,f
623,ad
623,c
623,f
623,ad
623,c
623,g
623,d
623,k
623,l
623,l
623,d
623,k
623,m
623,y
623,c
623,ad
623,f
623,c
623,f
623,ad
623,c
623,g
623,k
623,l
623,d
623,h
623,c
623,f
623,ad
623,c
623,f
623,ad
623,c
623,f
623,ad
623,c
623,g
623,k
623,l
623,d
623,ae
623,v
623,c
623,g
623,ac
624,r
624,s
624,i
624,b
624,aa
624,ab
624,o
624,i
624,j
624,ab
624,aa
624,n
624,t
624,n
624,t
624,n
624,t
624,n
624,u
624,aa
624,i
624,ab
624,o
624,z
624,r
624,aa
624,i
624,ab
624,s
624,o
624,af
624,q
624,a
624,i
624,z
624,j
624,aa
624,b
624,s
624,ab
624,x
624,c
624,ad
624,f
624,c
624,g
624,e
624,ac
625,b
625,b
625,s
625,p
625,p
625,a
625,w
625,i
625,j
625,b
625,z
625,ab
625,aa
625,s
625,x
625,af
625,q
625,a
625,c
625,ad
625,f
625,c
625,g
625,d
625,l
625,k
625,ae
625,v
625,c
625,g
625,k
625,d
625,l
625,ae
625,v
625,c
625,ad
625,f
625,c
625,g
625,l
625,k
625,d
625,h
625,c
625,g
625,l
625,k
625,d
625,h
625,c
625,f
625,ad
625,c
625,f
625,ad
625,c
625,g
625,d
625,k
625,l
625,k
625,d
625,l
625,m
625,y
625,c
625,g
625,l
625,k
625,d
625,v
625,ae
625,c
625,g
625,e
625,ac
626,b
626,i
626,r
626,aa
626,ab
626,x
626,q
626,a
626,af
626,c
626,ad
626,f
626,c
626,g
626,ac
626,e
627,p
627,a
627,w
627,b
627,a
627,p
627,w
627,c
627,g
627,e
628,q
628,af
628,a
628,c
628,ad
628,f
628,c
628,g
628,ac
628,e
629,i
629,aa
629,s
629,r
629,ab
629,o
629,p
629,p
629,w
629,a
629,c
629,g
629,d
629,k
629,l
629,h
629,c
629,g
629,e
630,p
630,a
630,p
630,p
630,p
630,p
630,p
630,w
630,s
630,i
630,aa
630,j
630,ab
630,x
630,z
630,p
630,a
630,w
630,i
630,aa
630,b
630,ab
630,r
630,o
630,a
630,p
630,w
630,c
630,ad
630,f
630,c
630,ad
630,f
630,c
630,g
630,ac
630,e
631,c
631,g
631,ac
632,b
632,j
632,aa
632,z
632,i
632,ab
632,x
632,i
632,j
632,aa
632,ab
632,s
632,b
632,z
632,n
632,u
632,i
632,aa
632,ab
632,n
632,t
632,n
632,t
632,n
632,u
632,aa
632,i
632,ab
632,n
632,u
632,i
632,aa
632,ab
632,x
632,c
632,f
632,ad
632,c
632,g
632,d
632,k
632,l
632,k
632,d
632,l
632,v
632,ae
632,c
632,g
632,ac
632,e
633,r
633,aa
633,i
633,z
633,ab
633,n
633,t
633,n
633,u
633,aa
633,i
633,ab
633,x
633,c
633,ad
633,f
633,c
633,g
633,k
633,l
633,d
633,m
633,y
633,c
633,g
633,k
633,d
633,l
633,m
633,y
633,c
633,g
633,k
633,d
633,l
633,k
633,d
633,l
633,h
633,c
633,g
633,d
633,k
633,l
633,m
633,y
633,c
633,f
633,ad
633,c
633,g
633,d
633,k
633,l
633,m
633,y
633,c
633,ad
633,f
633,c
633,ad
633,f
633,c
633,f
633,ad
633,c
633,ad
633,f
633,c
633,g
633,d
633,k
633,l
633,h
633,c
633,ad
633,f
633,c
633,g
633,ac
634,c
634,ad
634,f
634,c
634,g
634,k
634,l
634,d
634,h
634,c
634,f
634,ad
634,c
634,g
634,l
634,d
634,k
634,l
634,k
634,d
634,ae
634,v
634,c
634,g
634,e
634,ac
635,a
635,p
635,p
635,w
635,b
635,p
635,a
635,p
635,p
635,w
635,aa
635,j
635,s
635,i
635,z
635,ab
635,x
635,q
635,a
635,af
635,c
635,ad
635,f
635,c
635,ad
635,f
635,c
635,ad
635,f
635,c
635,g
635,d
635,k
635,l
635,m
635,y
635,c
635,g
635,ac
636,af
636,q
636,a
636,s
636,z
636,b
636,a
636,q
636,z
636,b
636,af
636,q
636,a
636,s
636,z
636,b
636,i
636,z
636,aa
636,r
636,ab
636,n
636,b
636,u
636,aa
636,i
636,ab
636,n
636,t
636,n
636,u
636,aa
636,i
636,ab
636,n
636,t
636,n
636,t
636,n
636,t
636,n
636,t
636,n
636,t
636,n
636,u
636,i
636,ab
636,aa
636,o
636,c
636,f
636,ad
636,c
636,g
636,e
637,af
637,q
637,a
637,c
637,ad
637,f
637,c
637,g
637,l
637,k
637,d
637,v
637,ae
637,c
637,ad
637,f
637,c
637,g
637,l
637,k
637,d
637,k
637,l
637,d
637,k
637,l
637,d
637,d
637,l
637,k
637,ae
637,v
637,c
637,g
637,k
637,l
637,d
637,h
637,c
637,g
637,l
637,k
637,d
637,m
637,y
637,c
637,g
637,ac
637,e
638,s
638,aa
638,i
638,ab
638,b
638,z
638,j
638,o
638,j
638,aa
638,i
638,s
638,z
638,ab
638,n
638,u
638,i
638,aa
638,ab
638,x
638,a
638,p
638,p
638,w
638,s
638,af
638,a
638,q
638,b
638,i
638,s
638,ab
638,j
638,aa
638,z
638,n
638,u
638,aa
638,i
638,ab
638,o
638,s
638,b
638,z
638,s
638,z
638,b
638,b
638,c
638,g
638,ac
639,s
639,b
639,c
639,f
639,ad
639,c
639,g
639,e
639,ac
640,a
640,af
640,aa
640,z
640,j
640,i
640,ab
640,x
640,a
640,q
640,af
640,s
640,z
640,c
640,g
640,l
640,d
640,k
640,k
640,l
640,d
640,v
640,ae
640,c
640,ad
640,f
640,c
640,f
640,ad
640,c
640,f
640,ad
640,c
640,g
640,l
640,d
640,k
640,k
640,l
640,d
640,l
640,k
640,d
640,k
640,l
640,d
640,v
640,ae
640,c
640,ad
640,f
640,c
640,f
640,ad
640,c
640,g
640,l
640,d
640,k
640,m
640,y
640,c
640,f
640,ad
640,c
640,ad
640,f
640,c
640,g
640,d
640,k
640,l
640,d
640,l
640,k
640,l
640,k
640,d
640,l
640,k
640,d
640,h
640,c
640,g
640,ac
641,i
641,ab
641,j
641,aa
641,n
641,t
641,n
641,u
641,i
641,aa
641,ab
641,n
641,t
641,n
641,u
641,i
641,aa
641,ab
641,x
641,b
641,s
641,c
641,g
641,e
641,ac
642,c
642,g
642,ac
642,e
643,af
643,a
643,q
643,aa
643,z
643,i
643,r
643,b
643,ab
643,o
643,a
643,p
643,w
643,z
643,aa
643,r
643,b
643,i
643,ab
643,n
643,u
643,i
643,ab
643,aa
643,x
643,a
643,af
643,q
643,c
643,f
643,ad
643,c
643,g
643,e
643,ac
644,p
644,a
644,w
644,c
644,f
644,ad
644,c
644,g
644,l
644,k
644,d
644,h
644,c
644,g
644,d
644,k
644,l
644,v
644,ae
644,c
644,ad
644,f
644,c
644,ad
644,f
644,c
644,g
644,k
644,d
644,l
644,h
644,c
644,f
644,ad
644,c
644,g
644,d
644,l
644,k
644,l
644,d
644,k
644,m
644,y
644,c
644,ad
644,f
644,c
644,f
644,ad
644,c
644,g
644,ac
644,e
645,a
645,p
645,w
645,b
645,aa
645,r
645,s
645,z
645,i
645,ab
645,x
645,c
645,g
645,e
645,ac
646,af
646,a
646,q
646,c
646,g
646,e
647,q
647,af
647,a
647,s
647,aa
647,j
647,z
647,i
647,ab
647,o
647,z
647,r
647,i
647,s
647,aa
647,ab
647,o
647,p
647,w
647,a
647,b
647,s
647,aa
647,z
647,r
647,i
647,ab
647,x
647,a
647,af
647,q
647,s
647,z
647,b
647,b
647,a
647,p
647,p
647,p
647,p
647,p
647,p
647,p
647,p
647,p
647,p
647,w
647,s
647,b
647,z
647,q
647,a
647,af
647,s
647,a
647,p
647,p
647,p
647,w
647,z
647,b
647,aa
647,b
647,i
647,r
647,s
647,ab
647,n
647,u
647,aa
647,i
647,ab
647,o
647,p
647,w
647,a
647,c
647,ad
647,f
647,c
647,f
647,ad
647,c
647,g
647,k
647,l
647,d
647,v
647,ae
647,c
647,g
647,ac
648,aa
648,z
648,r
648,i
648,ab
648,n
648,t
648,n
648,t
648,n
648,t
648,n
648,u
648,i
648,aa
648,ab
648,o
648,af
648,a
648,i
648,j
648,aa
648,ab
648,z
648,x
648,s
648,r
648,s
648,i
648,aa
648,ab
648,z
648,x
648,i
648,ab
648,aa
648,r
648,s
648,o
648,q
648,a
648,c
648,g
648,ac
649,a
649,p
649,w
649,s
649,aa
649,r
649,i
649,b
649,ab
649,x
649,af
649,q
649,a
649,z
649,p
649,a
649,p
649,w
649,c
649,g
649,e
649,ac
650,a
650,p
650,p
650,p
650,w
650,s
650,a
650,af
650,z
650,a
650,q
650,af
650,s
650,z
650,p
650,p
650,a
650,w
650,c
650,g
650,d
650,l
650,k
650,h
650,c
650,g
650,d
650,l
650,k
650,m
650,y
650,c
650,g
650,e
650,ac
651,z
651,s
651,a
651,p
651,p
651,w
651,c
651,g
651,e
652,a
652,p
652,p
652,w
652,z
652,aa
652,j
652,i
652,b
652,ab
652,z
652,x
652,i
652,z
652,j
652,aa
652,ab
652,o
652,c
652,f
652,ad
652,c
652,f
652,ad
652,c
652,f
652,ad
652,c
652,g
652,e
653,c
653,g
653,d
653,l
653,k
653,k
653,d
653,l
653,m
653,y
653,c
653,ad
653,f
653,c
653,g
653,e
654,c
654,ad
654,f
654,c
654,g
654,l
654,k
654,d
654,v
654,ae
654,c
654,g
654,e
655,a
655,q
655,z
655,s
655,r
655,aa
655,i
655,ab
655,x
655,s
655,z
655,j
655,i
655,aa
655,b
655,ab
655,n
655,u
655,aa
655,i
655,ab
655,n
655,u
655,aa
655,i
655,ab
655,n
655,u
655,i
655,aa
655,ab
655,x
655,b
655,s
655,a
655,q
655,s
655,b
655,q
655,a
655,c
655,f
655,ad
655,c
655,ad
655,f
655,c
655,g
655,l
655,d
655,k
655,k
655,l
655,d
655,d
655,k
655,l
655,l
655,d
655,k
655,m
655,y
655,c
655,ad
655,f
655,c
655,ad
655,f
655,c
655,f
655,ad
655,c
655,g
655,ac
655,e
656,c
656,f
656,ad
656,c
656,f
656,ad
656,c
656,g
656,l
656,d
656,k
656,m
656,y
656,c
656,f
656,ad
656,c
656,f
656,ad
656,c
656,g
656,ac
657,c
657,g
657,ac
658,z
658,r
658,i
658,b
658,aa
658,s
658,ab
658,o
658,c
658,g
658,e
658,ac
659,c
659,ad
659,f
659,c
659,f
659,ad
659,c
659,g
659,ac
659,e
660,p
660,a
660,p
660,w
660,c
660,f
660,ad
660,c
660,ad
660,f
660,c
660,ad
660,f
660,c
660,g
660,d
660,k
660,l
660,d
660,l
660,k
660,m
660,y
660,c
660,ad
660,f
660,c
660,f
660,ad
660,c
660,g
660,k
660,d
660,l
660,k
660,d
660,l
660,l
660,d
660,k
660,k
660,d
660,l
660,m
660,y
660,c
660,g
660,ac
661,z
661,s
661,c
661,f
661,ad
661,c
661,f
661,ad
661,c
661,g
661,l
661,k
661,d
661,ae
661,v
661,c
661,g
661,e
661,ac
662,a
662,q
662,z
662,b
662,s
662,q
662,a
662,r
662,b
662,s
662,i
662,ab
662,aa
662,x
662,c
662,f
662,ad
662,c
662,ad
662,f
662,c
662,g
662,l
662,d
662,k
662,d
662,l
662,k
662,ae
662,v
662,c
662,g
662,l
662,k
662,d
662,h
662,c
662,ad
662,f
662,c
662,ad
662,f
662,c
662,f
662,ad
662,c
662,g
662,k
662,l
662,d
662,m
662,y
662,c
662,ad
662,f
662,c
662,ad
662,f
662,c
662,g
662,e
663,r
663,s
663,b
663,aa
663,i
663,z
663,ab
663,n
663,u
663,i
663,aa
663,ab
663,n
663,u
663,aa
663,i
663,ab
663,o
663,a
663,p
663,p
663,w
663,b
663,c
663,g
663,e
663,ac
664,a
664,p
664,p
664,w
664,c
664,f
664,ad
664,c
664,f
664,ad
664,c
664,g
664,l
664,d
664,k
664,h
664,c
664,g
664,k
664,d
664,l
664,h
664,c
664,g
664,e
664,ac
665,z
665,s
665,aa
665,b
665,i
665,r
665,ab
665,x
665,i
665,aa
665,j
665,s
665,b
665,ab
665,o
665,q
665,a
665,af
665,s
665,z
665,i
665,b
665,ab
665,r
665,aa
665,o
665,q
665,a
665,af
665,aa
665,r
665,s
665,b
665,i
665,ab
665,n
665,t
665,n
665,u
665,aa
665,i
665,ab
665,o
665,q
665,a
665,af
665,c
665,ad
665,f
665,c
665,ad
665,f
665,c
665,ad
665,f
665,c
665,g
665,l
665,d
665,k
665,h
665,c
665,g
665,e
666,q
666,a
666,af
666,c
666,f
666,ad
666,c
666,g
666,l
666,k
666,d
666,m
666,y
666,c
666,ad
666,f
666,c
666,ad
666,f
666,c
666,g
666,l
666,d
666,k
666,m
666,y
666,c
666,g
666,k
666,d
666,l
666,k
666,d
666,l
666,m
666,y
666,c
666,ad
666,f
666,c
666,ad
666,f
666,c
666,f
666,ad
666,c
666,g
666,ac
667,c
667,g
667,e
668,c
668,g
668,e
668,ac
669,q
669,af
669,a
669,i
669,ab
669,aa
669,z
669,s
669,j
669,n
669,u
669,i
669,ab
669,aa
669,o
669,a
669,p
669,p
669,w
669,c
669,f
669,ad
669,c
669,g
669,l
669,d
669,k
669,m
669,y
669,c
669,g
669,ac
669,e
670,af
670,a
670,b
670,s
670,i
670,aa
670,j
670,ab
670,n
670,t
670,n
670,t
670,n
670,t
670,n
670,t
670,n
670,u
670,aa
670,i
670,ab
670,x
670,p
670,w
670,a
670,z
670,s
670,c
670,g
670,l
670,d
670,k
670,l
670,d
670,k
670,d
670,k
670,l
670,l
670,k
670,d
670,h
670,c
670,g
670,d
670,l
670,k
670,k
670,l
670,d
670,d
670,k
670,l
670,h
670,c
670,g
670,ac
670,e
671,c
671,ad
671,f
671,c
671,f
671,ad
671,c
671,f
671,ad
671,c
671,g
671,e
671,ac
672,c
672,g
672,ac
673,a
673,p
673,p
673,w
673,c
673,f
673,ad
673,c
673,g
673,e
674,c
674,g
674,k
674,l
674,d
674,m
674,y
674,c
674,g
674,e
674,ac
675,aa
675,j
675,s
675,i
675,b
675,ab
675,n
675,t
675,n
675,u
675,aa
675,i
675,ab
675,n
675,t
675,n
675,t
675,n
675,t
675,n
675,u
675,aa
675,i
675,ab
675,n
675,t
675,n
675,u
675,aa
675,i
675,ab
675,n
675,t
675,n
675,u
675,aa
675,i
675,ab
675,n
675,t
675,n
675,u
675,i
675,ab
675,aa
675,n
675,t
675,n
675,t
675,n
675,u
675,aa
675,i
675,ab
675,x
675,a
675,p
675,p
675,w
675,c
675,g
675,ac
676,z
676,i
676,aa
676,ab
676,b
676,r
676,n
676,u
676,aa
676,i
676,ab
676,x
676,q
676,af
676,a
676,i
676,z
676,j
676,b
676,aa
676,ab
676,s
676,n
676,u
676,aa
676,i
676,ab
676,x
676,aa
676,z
676,r
676,i
676,ab
676,n
676,u
676,i
676,ab
676,aa
676,n
676,u
676,i
676,aa
676,ab
676,o
676,b
676,a
676,af
676,q
676,c
676,ad
676,f
676,c
676,g
676,l
676,k
676,d
676,k
676,l
676,d
676,v
676,ae
676,c
676,f
676,ad
676,c
676,ad
676,f
676,c
676,f
676,ad
676,c
676,ad
676,f
676,c
676,g
676,e
677,q
677,a
677,c
677,ad
677,f
677,c
677,g
677,ac
677,e
678,af
678,a
678,q
678,c
678,f
678,ad
678,c
678,ad
678,f
678,c
678,g
678,l
678,k
678,d
678,ae
678,v
678,c
678,ad
678,f
678,c
678,g
678,e
679,a
679,p
679,p
679,w
679,c
679,g
679,k
679,d
679,l
679,h
679,c
679,ad
679,f
679,c
679,ad
679,f
679,c
679,ad
679,f
679,c
679,f
679,ad
679,c
679,ad
679,f
679,c
679,g
679,e
680,z
680,s
680,b
680,c
680,g
680,d
680,l
680,k
680,h
680,c
680,f
680,ad
680,c
680,ad
680,f
680,c
680,g
680,l
680,d
680,k
680,d
680,l
680,k
680,d
680,l
680,k
680,m
680,y
680,c
680,f
680,ad
680,c
680,f
680,ad
680,c
680,f
680,ad
680,c
680,f
680,ad
680,c
680,f
680,ad
680,c
680,ad
680,f
680,c
680,g
680,k
680,l
680,d
680,m
680,y
680,c
680,ad
680,f
680,c
680,f
680,ad
680,c
680,g
680,ac
681,r
681,aa
681,s
681,i
681,z
681,ab
681,o
681,s
681,i
681,aa
681,ab
681,n
681,r
681,t
681,n
681,t
681,n
681,u
681,aa
681,i
681,ab
681,x
681,z
681,i
681,j
681,aa
681,s
681,ab
681,x
681,p
681,a
681,p
681,w
681,c
681,ad
681,f
681,c
681,f
681,ad
681,c
681,g
681,d
681,l
681,k
681,v
681,ae
681,c
681,g
681,d
681,k
681,l
681,d
681,k
681,l
681,m
681,y
681,c
681,ad
681,f
681,c
681,g
681,ac
681,e
682,a
682,q
682,c
682,f
682,ad
682,c
682,g
682,e
682,ac
683,c
683,g
683,ac
683,e
684,c
684,g
684,k
684,l
684,d
684,h
684,c
684,ad
684,f
684,c
684,ad
684,f
684,c
684,g
684,ac
684,e
685,p
685,a
685,p
685,p
685,p
685,w
685,b
685,s
685,z
685,af
685,a
685,c
685,f
685,ad
685,c
685,g
685,e
685,ac
686,z
686,a
686,p
686,w
686,c
686,g
686,k
686,l
686,d
686,v
686,ae
686,c
686,f
686,ad
686,c
686,ad
686,f
686,c
686,f
686,ad
686,c
686,f
686,ad
686,c
686,g
686,k
686,d
686,l
686,h
686,c
686,ad
686,f
686,c
686,g
686,k
686,l
686,d
686,l
686,k
686,d
686,k
686,l
686,d
686,m
686,y
686,c
686,g
686,e
686,ac
687,i
687,z
687,ab
687,s
687,aa
687,r
687,o
687,c
687,g
687,l
687,k
687,d
687,d
687,l
687,k
687,v
687,ae
687,c
687,ad
687,f
687,c
687,ad
687,f
687,c
687,ad
687,f
687,c
687,f
687,ad
687,c
687,f
687,ad
687,c
687,ad
687,f
687,c
687,g
687,ac
687,e
688,c
688,g
688,l
688,k
688,d
688,l
688,k
688,d
688,m
688,y
688,c
688,g
688,l
688,d
688,k
688,m
688,y
688,c
688,ad
688,f
688,c
688,g
688,d
688,k
688,l
688,h
688,c
688,ad
688,f
688,c
688,ad
688,f
688,c
688,g
688,e
689,af
689,a
689,q
689,c
689,f
689,ad
689,c
689,ad
689,f
689,c
689,ad
689,f
689,c
689,g
689,e
689,ac
690,aa
690,i
690,j
690,b
690,z
690,ab
690,n
690,t
690,n
690,t
690,n
690,t
690,n
690,t
690,n
690,u
690,aa
690,i
690,ab
690,n
690,t
690,n
690,u
690,aa
690,i
690,ab
690,x
690,r
690,i
690,aa
690,s
690,ab
690,o
690,q
690,a
690,c
690,ad
690,f
690,c
690,f
690,ad
690,c
690,ad
690,f
690,c
690,g
690,ac
690,e
691,q
691,a
691,af
691,c
691,f
691,ad
691,c
691,g
691,l
691,k
691,d
691,k
691,d
691,l
691,k
691,l
691,d
691,m
691,y
691,c
691,g
691,e
692,q
692,af
692,a
692,c
692,g
692,e
692,ac
693,p
693,w
693,a
693,c
693,ad
693,f
693,c
693,g
693,e
693,ac
694,a
694,q
694,aa
694,i
694,j
694,ab
694,n
694,u
694,i
694,ab
694,aa
694,x
694,s
694,z
694,a
694,af
694,c
694,f
694,ad
694,c
694,ad
694,f
694,c
694,f
694,ad
694,c
694,g
694,d
694,l
694,k
694,l
694,d
694,k
694,k
694,l
694,d
694,k
694,d
694,l
694,h
694,c
694,g
694,e
694,ac
695,c
695,f
695,ad
695,c
695,g
695,e
696,s
696,z
696,a
696,p
696,p
696,p
696,w
696,c
696,ad
696,f
696,c
696,ad
696,f
696,c
696,g
696,k
696,d
696,l
696,m
696,y
696,c
696,ad
696,f
696,c
696,f
696,ad
696,c
696,g
696,e
696,ac
697,a
697,p
697,w
697,z
697,j
697,s
697,b
697,i
697,aa
697,ab
697,x
697,p
697,w
697,a
697,c
697,f
697,ad
697,c
697,g
697,k
697,d
697,l
697,k
697,l
697,d
697,v
697,ae
697,c
697,ad
697,f
697,c
697,g
697,ac
698,i
698,s
698,aa
698,r
698,ab
698,n
698,u
698,i
698,aa
698,ab
698,n
698,u
698,i
698,aa
698,ab
698,n
698,u
698,aa
698,i
698,ab
698,n
698,t
698,n
698,u
698,i
698,aa
698,ab
698,n
698,t
698,n
698,u
698,aa
698,i
698,ab
698,n
698,t
698,n
698,t
698,n
698,t
698,n
698,t
698,n
698,u
698,aa
698,i
698,ab
698,o
698,c
698,f
698,ad
698,c
698,f
698,ad
698,c
698,f
698,ad
698,c
698,g
698,ac
698,e
699,p
699,a
699,p
699,p
699,w
699,c
699,g
699,ac
700,s
700,i
700,z
700,aa
700,r
700,ab
700,o
700,z
700,b
700,i
700,r
700,ab
700,aa
700,o
700,a
700,q
700,c
700,f
700,ad
700,c
700,g
700,k
700,l
700,d
700,l
700,d
700,k
700,v
700,ae
700,c
700,g
700,l
700,d
700,k
700,v
700,ae
700,c
700,ad
700,f
700,c
700,g
700,e
700,ac
701,c
701,g
701,l
701,k
701,d
701,m
701,y
701,c
701,ad
701,f
701,c
701,f
701,ad
701,c
701,g
701,d
701,k
701,l
701,v
701,ae
701,c
701,g
701,e
702,c
702,g
702,ac
703,p
703,w
703,a
703,i
703,s
703,b
703,aa
703,j
703,ab
703,z
703,o
703,a
703,p
703,w
703,i
703,j
703,b
703,aa
703,z
703,ab
703,s
703,n
703,u
703,aa
703,i
703,ab
703,o
703,af
703,a
703,q
703,c
703,g
703,e
704,a
704,p
704,p
704,p
704,w
704,z
704,s
704,q
704,a
704,c
704,g
704,l
704,k
704,d
704,d
704,l
704,k
704,d
704,k
704,l
704,k
704,d
704,l
704,d
704,k
704,l
704,m
704,y
704,c
704,g
704,k
704,d
704,l
704,v
704,ae
704,c
704,f
704,ad
704,c
704,ad
704,f
704,c
704,g
704,l
704,k
704,d
704,d
704,k
704,l
704,m
704,y
704,c
704,g
704,l
704,k
704,d
704,l
704,k
704,d
704,m
704,y
704,c
704,g
704,d
704,l
704,k
704,k
704,l
704,d
704,l
704,k
704,d
704,ae
704,v
704,c
704,g
704,l
704,d
704,k
704,l
704,k
704,d
704,k
704,d
704,l
704,l
704,d
704,k
704,k
704,d
704,l
704,k
704,l
704,d
704,h
704,c
704,g
704,ac
705,a
705,q
705,af
705,s
705,b
705,p
705,w
705,a
705,c
705,ad
705,f
705,c
705,f
705,ad
705,c
705,g
705,l
705,d
705,k
705,h
705,c
705,g
705,ac
706,c
706,f
706,ad
706,c
706,g
706,ac
707,p
707,a
707,w
707,c
707,g
707,d
707,k
707,l
707,m
707,y
707,c
707,f
707,ad
707,c
707,g
707,e
708,p
708,a
708,p
708,p
708,w
708,c
708,g
708,d
708,l
708,k
708,d
708,l
708,k
708,ae
708,v
708,c
708,g
708,d
708,l
708,k
708,ae
708,v
708,c
708,ad
708,f
708,c
708,g
708,ac
708,e
709,af
709,a
709,c
709,ad
709,f
709,c
709,g
709,d
709,k
709,l
709,k
709,l
709,d
709,l
709,k
709,d
709,ae
709,v
709,c
709,g
709,l
709,d
709,k
709,h
709,c
709,ad
709,f
709,c
709,g
709,e
710,af
710,a
710,c
710,ad
710,f
710,c
710,g
710,l
710,k
710,d
710,ae
710,v
710,c
710,ad
710,f
710,c
710,g
710,d
710,k
710,l
710,m
710,y
710,c
710,g
710,k
710,d
710,l
710,l
710,k
710,d
710,l
710,k
710,d
710,h
710,c
710,g
710,k
710,d
710,l
710,h
710,c
710,f
710,ad
710,c
710,g
710,k
710,d
710,l
710,m
710,y
710,c
710,g
710,e
710,ac
711,c
711,g
711,d
711,k
711,l
711,h
711,c
711,ad
711,f
711,c
711,ad
711,f
711,c
711,ad
711,f
711,c
711,g
711,k
711,l
711,d
711,k
711,d
711,l
711,v
711,ae
711,c
711,ad
711,f
711,c
711,g
711,e
712,c
712,f
712,ad
712,c
712,f
712,ad
712,c
712,g
712,ac
712,e
713,c
713,g
713,l
713,d
713,k
713,h
713,c
713,g
713,e
713,ac
714,a
714,q
714,aa
714,r
714,s
714,i
714,ab
714,o
714,j
714,aa
714,z
714,i
714,ab
714,b
714,s
714,o
714,j
714,b
714,i
714,aa
714,ab
714,n
714,u
714,aa
714,i
714,ab
714,n
714,u
714,i
714,aa
714,ab
714,n
714,t
714,n
714,u
714,i
714,aa
714,ab
714,o
714,a
714,p
714,w
714,c
714,g
714,ac
715,c
715,g
715,ac
716,p
716,a
716,p
716,p
716,w
716,s
716,z
716,i
716,aa
716,j
716,b
716,ab
716,o
716,q
716,af
716,a
716,z
716,s
716,b
716,c
716,g
716,l
716,d
716,k
716,k
716,l
716,d
716,l
716,k
716,d
716,h
716,c
716,g
716,d
716,k
716,l
716,m
716,y
716,c
716,g
716,e
716,ac
717,c
717,f
717,ad
717,c
717,f
717,ad
717,c
717,ad
717,f
717,c
717,g
717,ac
718,p
718,a
718,w
718,c
718,ad
718,f
718,c
718,ad
718,f
718,c
718,g
718,ac
719,a
719,q
719,af
719,b
719,z
719,af
719,a
719,q
719,r
719,b
719,s
719,aa
719,i
719,z
719,ab
719,o
719,c
719,g
719,k
719,l
719,d
719,h
719,c
719,g
719,ac
719,e
720,i
720,z
720,ab
720,r
720,b
720,aa
720,n
720,t
720,n
720,t
720,n
720,t
720,n
720,u
720,aa
720,i
720,ab
720,n
720,t
720,n
720,t
720,n
720,u
720,i
720,aa
720,ab
720,o
720,r
720,aa
720,i
720,ab
720,o
720,a
720,p
720,w
720,c
720,g
720,k
720,d
720,l
720,d
720,k
720,l
720,l
720,d
720,k
720,k
720,d
720,l
720,k
720,l
720,d
720,v
720,ae
720,c
720,g
720,k
720,d
720,l
720,k
720,l
720,d
720,m
720,y
720,c
720,ad
720,f
720,c
720,f
720,ad
720,c
720,g
720,e
720,ac
721,a
721,af
721,q
721,c
721,g
721,l
721,d
721,k
721,k
721,d
721,l
721,d
721,l
721,k
721,v
721,ae
721,c
721,ad
721,f
721,c
721,g
721,d
721,l
721,k
721,h
721,c
721,ad
721,f
721,c
721,ad
721,f
721,c
721,g
721,k
721,l
721,d
721,l
721,d
721,k
721,m
721,y
721,c
721,g
721,k
721,l
721,d
721,l
721,d
721,k
721,h
721,c
721,ad
721,f
721,c
721,g
721,k
721,l
721,d
721,v
721,ae
721,c
721,ad
721,f
721,c
721,g
721,k
721,l
721,d
721,ae
721,v
721,c
721,g
721,k
721,d
721,l
721,h
721,c
721,g
721,k
721,l
721,d
721,k
721,l
721,d
721,h
721,c
721,f
721,ad
721,c
721,ad
721,f
721,c
721,ad
721,f
721,c
721,g
721,l
721,d
721,k
721,l
721,k
721,d
721,ae
721,v
721,c
721,ad
721,f
721,c
721,g
721,k
721,l
721,d
721,v
721,ae
721,c
721,ad
721,f
721,c
721,g
721,ac
722,a
722,q
722,aa
722,i
722,s
722,r
722,ab
722,n
722,u
722,i
722,aa
722,ab
722,n
722,t
722,n
722,u
722,i
722,aa
722,ab
722,n
722,u
722,aa
722,i
722,ab
722,n
722,t
722,n
722,t
722,n
722,t
722,n
722,t
722,n
722,t
722,n
722,u
722,aa
722,i
722,ab
722,o
722,s
722,b
722,z
722,i
722,s
722,j
722,ab
722,aa
722,n
722,t
722,n
722,t
722,n
722,u
722,aa
722,i
722,ab
722,x
722,c
722,g
722,ac
722,e
723,a
723,p
723,p
723,p
723,w
723,b
723,p
723,w
723,a
723,i
723,aa
723,r
723,ab
723,z
723,s
723,o
723,b
723,r
723,aa
723,s
723,i
723,ab
723,n
723,t
723,n
723,u
723,i
723,aa
723,ab
723,n
723,t
723,n
723,u
723,i
723,aa
723,ab
723,x
723,c
723,g
723,e
724,c
724,g
724,l
724,k
724,d
724,m
724,y
724,c
724,g
724,ac
725,a
725,p
725,w
725,c
725,ad
725,f
725,c
725,g
725,e
726,p
726,a
726,w
726,s
726,z
726,c
726,ad
726,f
726,c
726,ad
726,f
726,c
726,f
726,ad
726,c
726,g
726,l
726,d
726,k
726,h
726,c
726,g
726,l
726,d
726,k
726,l
726,d
726,k
726,d
726,k
726,l
726,v
726,ae
726,c
726,ad
726,f
726,c
726,ad
726,f
726,c
726,f
726,ad
726,c
726,g
726,k
726,d
726,l
726,l
726,k
726,d
726,h
726,c
726,g
726,d
726,k
726,l
726,h
726,c
726,ad
726,f
726,c
726,f
726,ad
726,c
726,g
726,ac
727,af
727,a
727,q
727,c
727,g
727,d
727,k
727,l
727,ae
727,v
727,c
727,g
727,k
727,d
727,l
727,l
727,d
727,k
727,h
727,c
727,f
727,ad
727,c
727,ad
727,f
727,c
727,f
727,ad
727,c
727,f
727,ad
727,c
727,ad
727,f
727,c
727,g
727,e
728,c
728,g
728,l
728,k
728,d
728,h
728,c
728,g
728,l
728,d
728,k
728,m
728,y
728,c
728,f
728,ad
728,c
728,g
728,e
728,ac
729,a
729,af
729,i
729,r
729,z
729,s
729,aa
729,ab
729,x
729,af
729,q
729,a
729,z
729,s
729,c
729,g
729,e
729,ac
730,c
730,f
730,ad
730,c
730,f
730,ad
730,c
730,ad
730,f
730,c
730,g
730,l
730,d
730,k
730,d
730,l
730,k
730,k
730,d
730,l
730,l
730,d
730,k
730,ae
730,v
730,c
730,f
730,ad
730,c
730,ad
730,f
730,c
730,ad
730,f
730,c
730,g
730,d
730,k
730,l
730,v
730,ae
730,c
730,g
730,d
730,l
730,k
730,m
730,y
730,c
730,ad
730,f
730,c
730,f
730,ad
730,c
730,f
730,ad
730,c
730,g
730,k
730,l
730,d
730,d
730,l
730,k
730,l
730,k
730,d
730,m
730,y
730,c
730,g
730,e
730,ac
731,a
731,p
731,p
731,w
731,b
731,a
731,af
731,q
731,j
731,i
731,z
731,aa
731,ab
731,n
731,t
731,n
731,u
731,aa
731,i
731,ab
731,n
731,u
731,aa
731,i
731,ab
731,n
731,u
731,aa
731,i
731,ab
731,n
731,t
731,n
731,u
731,i
731,ab
731,aa
731,x
731,c
731,ad
731,f
731,c
731,f
731,ad
731,c
731,f
731,ad
731,c
731,ad
731,f
731,c
731,f
731,ad
731,c
731,g
731,ac
731,e
732,c
732,g
732,d
732,k
732,l
732,v
732,ae
732,c
732,g
732,e
733,c
733,ad
733,f
733,c
733,g
733,k
733,l
733,d
733,m
733,y
733,c
733,g
733,d
733,l
733,k
733,h
733,c
733,f
733,ad
733,c
733,g
733,ac
733,e
734,b
734,z
734,s
734,q
734,a
734,c
734,g
734,k
734,l
734,d
734,m
734,y
734,c
734,g
734,l
734,d
734,k
734,k
734,d
734,l
734,m
734,y
734,c
734,g
734,k
734,l
734,d
734,l
734,d
734,k
734,k
734,l
734,d
734,h
734,c
734,f
734,ad
734,c
734,ad
734,f
734,c
734,g
734,d
734,k
734,l
734,ae
734,v
734,c
734,ad
734,f
734,c
734,f
734,ad
734,c
734,g
734,k
734,d
734,l
734,d
734,k
734,l
734,v
734,ae
734,c
734,g
734,d
734,l
734,k
734,m
734,y
734,c
734,g
734,k
734,d
734,l
734,l
734,d
734,k
734,d
734,l
734,k
734,m
734,y
734,c
734,g
734,ac
735,c
735,f
735,ad
735,c
735,g
735,d
735,l
735,k
735,l
735,d
735,k
735,m
735,y
735,c
735,ad
735,f
735,c
735,ad
735,f
735,c
735,g
735,ac
735,e
736,q
736,af
736,a
736,s
736,b
736,z
736,a
736,af
736,r
736,s
736,z
736,aa
736,i
736,ab
736,n
736,u
736,i
736,ab
736,aa
736,x
736,b
736,s
736,a
736,p
736,w
736,z
736,aa
736,r
736,i
736,ab
736,n
736,t
736,n
736,t
736,n
736,u
736,aa
736,i
736,ab
736,n
736,u
736,i
736,ab
736,aa
736,x
736,af
736,q
736,a
736,z
736,s
736,c
736,g
736,ac
737,af
737,a
737,s
737,s
737,i
737,r
737,aa
737,ab
737,o
737,a
737,p
737,p
737,p
737,p
737,w
737,c
737,f
737,ad
737,c
737,g
737,l
737,d
737,k
737,m
737,y
737,c
737,f
737,ad
737,c
737,f
737,ad
737,c
737,g
737,e
738,q
738,a
738,c
738,g
738,l
738,k
738,d
738,m
738,y
738,c
738,ad
738,f
738,c
738,ad
738,f
738,c
738,g
738,l
738,k
738,d
738,k
738,d
738,l
738,l
738,d
738,k
738,ae
738,v
738,c
738,ad
738,f
738,c
738,g
738,ac
738,e
739,z
739,b
739,s
739,af
739,a
739,q
739,c
739,g
739,k
739,d
739,l
739,d
739,l
739,k
739,m
739,y
739,c
739,f
739,ad
739,c
739,f
739,ad
739,c
739,ad
739,f
739,c
739,f
739,ad
739,c
739,g
739,e
739,ac
740,z
740,z
740,a
740,q
740,c
740,f
740,ad
740,c
740,f
740,ad
740,c
740,g
740,d
740,k
740,l
740,l
740,k
740,d
740,h
740,c
740,f
740,ad
740,c
740,g
740,e
740,ac
741,p
741,w
741,a
741,s
741,aa
741,i
741,ab
741,r
741,o
741,c
741,g
741,ac
741,e
742,a
742,af
742,b
742,z
742,a
742,p
742,w
742,c
742,g
742,e
743,c
743,ad
743,f
743,c
743,ad
743,f
743,c
743,f
743,ad
743,c
743,g
743,e
744,p
744,a
744,p
744,p
744,w
744,c
744,g
744,ac
745,c
745,f
745,ad
745,c
745,g
745,e
746,c
746,g
746,e
747,c
747,g
747,ac
748,a
748,af
748,q
748,b
748,i
748,ab
748,z
748,aa
748,s
748,j
748,n
748,u
748,i
748,aa
748,ab
748,o
748,a
748,q
748,c
748,f
748,ad
748,c
748,g
748,k
748,d
748,l
748,l
748,d
748,k
748,m
748,y
748,c
748,ad
748,f
748,c
748,ad
748,f
748,c
748,g
748,k
748,d
748,l
748,d
748,k
748,l
748,k
748,l
748,d
748,l
748,d
748,k
748,v
748,ae
748,c
748,g
748,e
749,a
749,p
749,w
749,c
749,f
749,ad
749,c
749,g
749,e
749,ac
750,i
750,ab
750,aa
750,j
750,b
750,x
750,q
750,a
750,b
750,z
750,aa
750,j
750,b
750,i
750,z
750,s
750,ab
750,x
750,c
750,g
750,ac
750,e
751,z
751,c
751,f
751,ad
751,c
751,g
751,e
752,aa
752,r
752,i
752,b
752,ab
752,x
752,c
752,ad
752,f
752,c
752,g
752,d
752,l
752,k
752,l
752,k
752,d
752,l
752,d
752,k
752,l
752,d
752,k
752,m
752,y
752,c
752,g
752,d
752,l
752,k
752,k
752,l
752,d
752,h
752,c
752,ad
752,f
752,c
752,g
752,ac
752,e
753,aa
753,r
753,i
753,s
753,z
753,b
753,ab
753,o
753,q
753,a
753,s
753,b
753,a
753,p
753,w
753,c
753,ad
753,f
753,c
753,ad
753,f
753,c
753,ad
753,f
753,c
753,ad
753,f
753,c
753,g
753,l
753,k
753,d
753,l
753,d
753,k
753,h
753,c
753,ad
753,f
753,c
753,g
753,l
753,k
753,d
753,ae
753,v
753,c
753,g
753,l
753,d
753,k
753,l
753,d
753,k
753,l
753,k
753,d
753,d
753,k
753,l
753,h
753,c
753,g
753,k
753,d
753,l
753,m
753,y
753,c
753,ad
753,f
753,c
753,g
753,d
753,l
753,k
753,k
753,l
753,d
753,l
753,d
753,k
753,k
753,d
753,l
753,ae
753,v
753,c
753,g
753,ac
753,e
754,c
754,ad
754,f
754,c
754,g
754,e
754,ac
755,c
755,f
755,ad
755,c
755,g
755,k
755,l
755,d
755,m
755,y
755,c
755,g
755,k
755,d
755,l
755,l
755,d
755,k
755,l
755,d
755,k
755,m
755,y
755,c
755,f
755,ad
755,c
755,g
755,ac
755,e
756,aa
756,i
756,j
756,b
756,ab
756,n
756,u
756,aa
756,i
756,ab
756,n
756,t
756,n
756,u
756,i
756,ab
756,aa
756,o
756,j
756,b
756,aa
756,z
756,i
756,ab
756,n
756,u
756,aa
756,i
756,ab
756,x
756,a
756,p
756,p
756,p
756,p
756,p
756,w
756,r
756,aa
756,b
756,i
756,z
756,ab
756,x
756,c
756,g
756,e
756,ac
757,a
757,af
757,q
757,c
757,g
757,e
757,ac
758,a
758,af
758,c
758,ad
758,f
758,c
758,ad
758,f
758,c
758,g
758,d
758,k
758,l
758,m
758,y
758,c
758,g
758,ac
759,af
759,q
759,a
759,c
759,ad
759,f
759,c
759,ad
759,f
759,c
759,g
759,l
759,d
759,k
759,l
759,k
759,d
759,v
759,ae
759,c
759,g
759,k
759,l
759,d
759,k
759,l
759,d
759,l
759,k
759,d
759,l
759,k
759,d
759,h
759,c
759,g
759,d
759,l
759,k
759,m
759,y
759,c
759,ad
759,f
759,c
759,g
759,k
759,l
759,d
759,l
759,k
759,d
759,m
759,y
759,c
759,f
759,ad
759,c
759,g
759,d
759,l
759,k
759,d
759,l
759,k
759,k
759,l
759,d
759,l
759,k
759,d
759,m
759,y
759,c
759,g
759,ac
759,e
760,a
760,p
760,w
760,c
760,f
760,ad
760,c
760,ad
760,f
760,c
760,g
760,ac
760,e
761,j
761,z
761,i
761,aa
761,ab
761,x
761,p
761,a
761,p
761,w
761,c
761,g
761,e
761,ac
762,r
762,aa
762,i
762,b
762,s
762,ab
762,n
762,u
762,aa
762,i
762,ab
762,n
762,t
762,n
762,t
762,n
762,u
762,aa
762,i
762,ab
762,o
762,b
762,i
762,r
762,aa
762,z
762,s
762,ab
762,o
762,a
762,af
762,q
762,s
762,p
762,a
762,p
762,p
762,w
762,r
762,s
762,aa
762,i
762,ab
762,x
762,af
762,a
762,i
762,aa
762,ab
762,o
762,r
762,b
762,a
762,p
762,w
762,i
762,j
762,aa
762,ab
762,z
762,n
762,u
762,aa
762,i
762,ab
762,n
762,u
762,i
762,aa
762,ab
762,o
762,c
762,g
762,l
762,d
762,k
762,v
762,ae
762,c
762,g
762,ac
763,af
763,q
763,a
763,z
763,b
763,i
763,aa
763,b
763,ab
763,z
763,r
763,n
763,t
763,n
763,u
763,aa
763,i
763,ab
763,n
763,t
763,n
763,u
763,i
763,aa
763,ab
763,n
763,u
763,i
763,aa
763,ab
763,n
763,u
763,i
763,ab
763,aa
763,o
763,j
763,i
763,aa
763,ab
763,o
763,aa
763,r
763,s
763,i
763,ab
763,x
763,z
763,a
763,p
763,w
763,c
763,g
763,ac
763,e
764,a
764,p
764,w
764,c
764,f
764,ad
764,c
764,f
764,ad
764,c
764,f
764,ad
764,c
764,ad
764,f
764,c
764,f
764,ad
764,c
764,g
764,e
764,ac
765,z
765,aa
765,j
765,i
765,ab
765,o
765,c
765,g
765,d
765,l
765,k
765,l
765,k
765,d
765,m
765,y
765,c
765,f
765,ad
765,c
765,f
765,ad
765,c
765,g
765,e
765,ac
766,z
766,b
766,c
766,f
766,ad
766,c
766,g
766,l
766,d
766,k
766,ae
766,v
766,c
766,f
766,ad
766,c
766,g
766,ac
767,c
767,ad
767,f
767,c
767,ad
767,f
767,c
767,ad
767,f
767,c
767,g
767,k
767,d
767,l
767,v
767,ae
767,c
767,g
767,ac
767,e
768,b
768,z
768,j
768,aa
768,i
768,ab
768,n
768,t
768,n
768,u
768,i
768,ab
768,aa
768,n
768,u
768,aa
768,i
768,ab
768,x
768,a
768,p
768,p
768,p
768,p
768,w
768,b
768,z
768,c
768,g
768,e
769,af
769,a
769,q
769,z
769,b
769,b
769,b
769,s
769,i
769,r
769,aa
769,ab
769,x
769,r
769,i
769,b
769,aa
769,z
769,ab
769,s
769,n
769,u
769,i
769,ab
769,aa
769,n
769,t
769,n
769,u
769,aa
769,i
769,ab
769,x
769,c
769,g
769,ac
769,e
770,c
770,ad
770,f
770,c
770,g
770,d
770,k
770,l
770,v
770,ae
770,c
770,f
770,ad
770,c
770,ad
770,f
770,c
770,g
770,l
770,k
770,d
770,l
770,k
770,d
770,l
770,d
770,k
770,ae
770,v
770,c
770,f
770,ad
770,c
770,g
770,k
770,l
770,d
770,k
770,d
770,l
770,k
770,l
770,d
770,k
770,l
770,d
770,k
770,l
770,d
770,m
770,y
770,c
770,g
770,ac
770,e
771,af
771,a
771,q
771,b
771,i
771,aa
771,ab
771,z
771,j
771,n
771,s
771,u
771,aa
771,i
771,ab
771,x
771,c
771,g
771,e
772,i
772,s
772,z
772,r
772,aa
772,b
772,ab
772,x
772,c
772,g
772,e
772,ac
773,af
773,q
773,a
773,c
773,g
773,l
773,k
773,d
773,l
773,d
773,k
773,d
773,l
773,k
773,d
773,k
773,l
773,h
773,c
773,g
773,e
774,i
774,aa
774,ab
774,b
774,r
774,n
774,u
774,aa
774,i
774,ab
774,x
774,c
774,g
774,e
775,a
775,q
775,af
775,aa
775,i
775,b
775,z
775,j
775,ab
775,s
775,x
775,a
775,p
775,p
775,w
775,c
775,g
775,l
775,d
775,k
775,ae
775,v
775,c
775,f
775,ad
775,c
775,g
775,ac
775,e
776,c
776,g
776,ac
776,e
777,a
777,af
777,q
777,i
777,ab
777,z
777,aa
777,j
777,o
777,p
777,w
777,a
777,aa
777,s
777,j
777,z
777,i
777,ab
777,n
777,t
777,n
777,t
777,n
777,t
777,n
777,u
777,aa
777,i
777,ab
777,n
777,t
777,n
777,t
777,n
777,t
777,n
777,t
777,n
777,u
777,i
777,ab
777,aa
777,n
777,t
777,n
777,u
777,i
777,aa
777,ab
777,n
777,u
777,i
777,aa
777,ab
777,o
777,c
777,f
777,ad
777,c
777,g
777,k
777,l
777,d
777,l
777,k
777,d
777,k
777,d
777,l
777,h
777,c
777,g
777,d
777,l
777,k
777,v
777,ae
777,c
777,ad
777,f
777,c
777,ad
777,f
777,c
777,g
777,d
777,k
777,l
777,l
777,d
777,k
777,d
777,k
777,l
777,k
777,l
777,d
777,k
777,l
777,d
777,ae
777,v
777,c
777,ad
777,f
777,c
777,g
777,k
777,l
777,d
777,d
777,k
777,l
777,v
777,ae
777,c
777,g
777,d
777,l
777,k
777,l
777,d
777,k
777,m
777,y
777,c
777,f
777,ad
777,c
777,g
777,e
778,s
778,z
778,b
778,s
778,s
778,b
778,z
778,c
778,ad
778,f
778,c
778,f
778,ad
778,c
778,g
778,k
778,l
778,d
778,d
778,l
778,k
778,ae
778,v
778,c
778,f
778,ad
778,c
778,ad
778,f
778,c
778,g
778,ac
779,a
779,p
779,w
779,z
779,q
779,af
779,a
779,c
779,ad
779,f
779,c
779,g
779,ac
779,e
780,j
780,i
780,aa
780,ab
780,z
780,n
780,t
780,n
780,u
780,aa
780,i
780,ab
780,x
780,aa
780,z
780,s
780,j
780,i
780,ab
780,o
780,q
780,af
780,a
780,c
780,g
780,l
780,d
780,k
780,k
780,d
780,l
780,d
780,k
780,l
780,h
780,c
780,ad
780,f
780,c
780,g
780,ac
780,e
781,a
781,q
781,aa
781,r
781,b
781,i
781,z
781,s
781,ab
781,n
781,t
781,n
781,u
781,aa
781,i
781,ab
781,n
781,t
781,n
781,u
781,i
781,ab
781,aa
781,x
781,j
781,z
781,aa
781,i
781,b
781,ab
781,x
781,a
781,p
781,w
781,r
781,i
781,b
781,ab
781,aa
781,n
781,t
781,n
781,u
781,i
781,ab
781,aa
781,o
781,c
781,f
781,ad
781,c
781,ad
781,f
781,c
781,g
781,e
782,c
782,ad
782,f
782,c
782,f
782,ad
782,c
782,f
782,ad
782,c
782,ad
782,f
782,c
782,ad
782,f
782,c
782,f
782,ad
782,c
782,ad
782,f
782,c
782,f
782,ad
782,c
782,g
782,e
782,ac
783,b
783,z
783,a
783,af
783,c
783,f
783,ad
783,c
783,f
783,ad
783,c
783,f
783,ad
783,c
783,f
783,ad
783,c
783,ad
783,f
783,c
783,g
783,e
783,ac
784,c
784,f
784,ad
784,c
784,f
784,ad
784,c
784,g
784,ac
784,e
785,c
785,f
785,ad
785,c
785,g
785,l
785,k
785,d
785,d
785,k
785,l
785,ae
785,v
785,c
785,ad
785,f
785,c
785,f
785,ad
785,c
785,ad
785,f
785,c
785,ad
785,f
785,c
785,g
785,d
785,k
785,l
785,k
785,d
785,l
785,l
785,d
785,k
785,m
785,y
785,c
785,f
785,ad
785,c
785,g
785,e
785,ac
786,c
786,ad
786,f
786,c
786,f
786,ad
786,c
786,g
786,e
787,aa
787,i
787,b
787,r
787,s
787,ab
787,n
787,t
787,n
787,t
787,n
787,u
787,aa
787,i
787,ab
787,x
787,a
787,af
787,z
787,b
787,q
787,a
787,af
787,c
787,f
787,ad
787,c
787,g
787,ac
788,a
788,p
788,p
788,p
788,w
788,c
788,f
788,ad
788,c
788,g
788,l
788,d
788,k
788,k
788,l
788,d
788,ae
788,v
788,c
788,g
788,ac
789,p
789,a
789,w
789,z
789,b
789,i
789,j
789,s
789,ab
789,aa
789,o
789,aa
789,i
789,j
789,b
789,ab
789,x
789,c
789,ad
789,f
789,c
789,f
789,ad
789,c
789,f
789,ad
789,c
789,g
789,ac
789,e
790,p
790,a
790,p
790,p
790,p
790,p
790,p
790,p
790,w
790,aa
790,z
790,s
790,b
790,i
790,r
790,ab
790,n
790,t
790,n
790,t
790,n
790,u
790,i
790,aa
790,ab
790,o
790,c
790,ad
790,f
790,c
790,g
790,e
791,c
791,ad
791,f
791,c
791,g
791,d
791,k
791,l
791,k
791,l
791,d
791,k
791,l
791,d
791,m
791,y
791,c
791,ad
791,f
791,c
791,g
791,ac
792,c
792,g
792,ac
792,e
793,c
793,g
793,k
793,l
793,d
793,v
793,ae
793,c
793,f
793,ad
793,c
793,g
793,e
794,b
794,z
794,c
794,g
794,d
794,k
794,l
794,m
794,y
794,c
794,f
794,ad
794,c
794,f
794,ad
794,c
794,g
794,e
795,z
795,s
795,aa
795,r
795,i
795,ab
795,n
795,t
795,n
795,t
795,n
795,u
795,aa
795,i
795,ab
795,n
795,t
795,n
795,t
795,n
795,u
795,aa
795,i
795,ab
795,n
795,u
795,i
795,aa
795,ab
795,x
795,af
795,q
795,a
795,c
795,g
795,e
795,ac
796,a
796,p
796,p
796,p
796,p
796,w
796,b
796,q
796,af
796,a
796,z
796,b
796,a
796,af
796,i
796,aa
796,j
796,z
796,ab
796,o
796,s
796,z
796,b
796,c
796,ad
796,f
796,c
796,ad
796,f
796,c
796,f
796,ad
796,c
796,ad
796,f
796,c
796,g
796,k
796,l
796,d
796,v
796,ae
796,c
796,g
796,l
796,k
796,d
796,d
796,k
796,l
796,v
796,ae
796,c
796,g
796,l
796,k
796,d
796,d
796,l
796,k
796,h
796,c
796,f
796,ad
796,c
796,g
796,ac
796,e
797,j
797,z
797,i
797,aa
797,ab
797,o
797,c
797,f
797,ad
797,c
797,f
797,ad
797,c
797,g
797,k
797,d
797,l
797,l
797,k
797,d
797,k
797,l
797,d
797,m
797,y
797,c
797,g
797,ac
798,b
798,aa
798,z
798,i
798,j
798,ab
798,o
798,aa
798,z
798,r
798,i
798,ab
798,o
798,q
798,a
798,af
798,c
798,g
798,e
798,ac
799,aa
799,j
799,s
799,i
799,ab
799,n
799,t
799,n
799,u
799,aa
799,i
799,ab
799,x
799,c
799,f
799,ad
799,c
799,g
799,l
799,k
799,d
799,l
799,k
799,d
799,l
799,d
799,k
799,d
799,l
799,k
799,k
799,d
799,l
799,k
799,d
799,l
799,m
799,y
799,c
799,f
799,ad
799,c
799,g
799,d
799,k
799,l
799,h
799,c
799,g
799,l
799,d
799,k
799,d
799,k
799,l
799,d
799,k
799,l
799,v
799,ae
799,c
799,ad
799,f
799,c
799,g
799,l
799,k
799,d
799,ae
799,v
799,c
799,ad
799,f
799,c
799,f
799,ad
799,c
799,f
799,ad
799,c
799,g
799,d
799,l
799,k
799,d
799,l
799,k
799,h
799,c
799,f
799,ad
799,c
799,g
799,e
799,ac
800,b
800,p
800,a
800,w
800,z
800,s
800,b
800,c
800,f
800,ad
800,c
800,f
800,ad
800,c
800,g
800,ac
801,q
801,a
801,b
801,aa
801,r
801,z
801,i
801,ab
801,n
801,u
801,aa
801,i
801,ab
801,x
801,a
801,q
801,af
801,c
801,ad
801,f
801,c
801,g
801,e
802,b
802,z
802,s
802,z
802,p
802,a
802,w
802,c
802,f
802,ad
802,c
802,g
802,e
803,aa
803,z
803,b
803,i
803,s
803,j
803,ab
803,x
803,c
803,ad
803,f
803,c
803,f
803,ad
803,c
803,g
803,l
803,k
803,d
803,m
803,y
803,c
803,g
803,ac
804,aa
804,b
804,z
804,s
804,i
804,j
804,ab
804,n
804,t
804,n
804,t
804,n
804,t
804,n
804,u
804,i
804,aa
804,ab
804,n
804,t
804,n
804,u
804,aa
804,i
804,ab
804,x
804,b
804,a
804,af
804,q
804,b
804,z
804,c
804,g
804,e
805,q
805,af
805,a
805,j
805,s
805,i
805,ab
805,aa
805,n
805,u
805,i
805,aa
805,ab
805,n
805,t
805,n
805,t
805,n
805,u
805,i
805,aa
805,ab
805,o
805,q
805,a
805,j
805,aa
805,z
805,i
805,ab
805,n
805,t
805,n
805,t
805,n
805,u
805,i
805,ab
805,aa
805,o
805,a
805,af
805,c
805,g
805,e
806,a
806,q
806,af
806,aa
806,s
806,i
806,j
806,ab
806,o
806,c
806,ad
806,f
806,c
806,g
806,d
806,l
806,k
806,d
806,l
806,k
806,l
806,k
806,d
806,l
806,d
806,k
806,d
806,k
806,l
806,m
806,y
806,c
806,g
806,l
806,d
806,k
806,ae
806,v
806,c
806,g
806,e
807,b
807,s
807,a
807,p
807,p
807,w
807,r
807,i
807,aa
807,b
807,ab
807,n
807,u
807,i
807,ab
807,aa
807,x
807,c
807,g
807,ac
807,e
808,a
808,q
808,af
808,c
808,f
808,ad
808,c
808,ad
808,f
808,c
808,ad
808,f
808,c
808,g
808,k
808,l
808,d
808,m
808,y
808,c
808,f
808,ad
808,c
808,ad
808,f
808,c
808,ad
808,f
808,c
808,g
808,k
808,l
808,d
808,l
808,k
808,d
808,v
808,ae
808,c
808,ad
808,f
808,c
808,g
808,l
808,k
808,d
808,k
808,l
808,d
808,l
808,d
808,k
808,l
808,k
808,d
808,m
808,y
808,c
808,g
808,l
808,d
808,k
808,k
808,d
808,l
808,m
808,y
808,c
808,g
808,ac
809,z
809,a
809,af
809,q
809,i
809,ab
809,s
809,aa
809,j
809,x
809,s
809,aa
809,b
809,j
809,i
809,ab
809,n
809,t
809,n
809,u
809,aa
809,i
809,ab
809,o
809,p
809,a
809,p
809,p
809,w
809,c
809,f
809,ad
809,c
809,g
809,ac
810,q
810,a
810,c
810,f
810,ad
810,c
810,g
810,l
810,d
810,k
810,l
810,k
810,d
810,v
810,ae
810,c
810,ad
810,f
810,c
810,ad
810,f
810,c
810,g
810,e
810,ac
811,af
811,a
811,q
811,c
811,f
811,ad
811,c
811,ad
811,f
811,c
811,g
811,e
811,ac
812,z
812,s
812,i
812,b
812,z
812,aa
812,ab
812,r
812,o
812,p
812,w
812,a
812,i
812,ab
812,aa
812,s
812,r
812,n
812,b
812,u
812,aa
812,i
812,ab
812,n
812,u
812,i
812,aa
812,ab
812,n
812,t
812,n
812,t
812,n
812,t
812,n
812,u
812,i
812,aa
812,ab
812,n
812,t
812,n
812,u
812,i
812,aa
812,ab
812,x
812,q
812,a
812,af
812,c
812,g
812,e
812,ac
813,c
813,g
813,e
813,ac
814,j
814,aa
814,i
814,ab
814,x
814,i
814,j
814,z
814,ab
814,aa
814,b
814,n
814,t
814,n
814,t
814,n
814,t
814,n
814,t
814,n
814,u
814,i
814,aa
814,ab
814,n
814,t
814,n
814,t
814,n
814,t
814,n
814,t
814,n
814,u
814,aa
814,i
814,ab
814,n
814,t
814,n
814,t
814,n
814,u
814,aa
814,i
814,ab
814,x
814,p
814,a
814,p
814,w
814,c
814,g
814,d
814,k
814,l
814,v
814,ae
814,c
814,g
814,e
815,b
815,z
815,c
815,ad
815,f
815,c
815,f
815,ad
815,c
815,g
815,d
815,k
815,l
815,h
815,c
815,ad
815,f
815,c
815,f
815,ad
815,c
815,ad
815,f
815,c
815,ad
815,f
815,c
815,g
815,d
815,k
815,l
815,ae
815,v
815,c
815,g
815,e
815,ac
816,af
816,q
816,a
816,s
816,i
816,r
816,aa
816,ab
816,o
816,aa
816,z
816,j
816,i
816,ab
816,n
816,u
816,aa
816,i
816,ab
816,n
816,t
816,n
816,u
816,i
816,ab
816,aa
816,o
816,p
816,a
816,w
816,b
816,c
816,f
816,ad
816,c
816,ad
816,f
816,c
816,ad
816,f
816,c
816,f
816,ad
816,c
816,g
816,d
816,l
816,k
816,m
816,y
816,c
816,ad
816,f
816,c
816,g
816,k
816,d
816,l
816,ae
816,v
816,c
816,ad
816,f
816,c
816,g
816,l
816,k
816,d
816,d
816,l
816,k
816,k
816,l
816,d
816,l
816,k
816,d
816,d
816,k
816,l
816,l
816,d
816,k
816,v
816,ae
816,c
816,ad
816,f
816,c
816,ad
816,f
816,c
816,g
816,k
816,l
816,d
816,l
816,d
816,k
816,d
816,k
816,l
816,h
816,c
816,g
816,ac
817,p
817,a
817,w
817,c
817,g
817,l
817,k
817,d
817,l
817,d
817,k
817,k
817,l
817,d
817,l
817,d
817,k
817,d
817,l
817,k
817,l
817,d
817,k
817,k
817,l
817,d
817,h
817,c
817,g
817,ac
818,j
818,s
818,i
818,aa
818,ab
818,n
818,t
818,n
818,u
818,i
818,aa
818,ab
818,o
818,i
818,r
818,b
818,aa
818,ab
818,s
818,n
818,u
818,i
818,ab
818,aa
818,n
818,t
818,n
818,u
818,aa
818,i
818,ab
818,x
818,p
818,a
818,w
818,i
818,aa
818,s
818,r
818,z
818,ab
818,b
818,n
818,t
818,n
818,u
818,i
818,aa
818,ab
818,n
818,t
818,n
818,u
818,aa
818,i
818,ab
818,n
818,t
818,n
818,u
818,aa
818,i
818,ab
818,n
818,t
818,n
818,u
818,aa
818,i
818,ab
818,n
818,t
818,n
818,u
818,aa
818,i
818,ab
818,n
818,u
818,aa
818,i
818,ab
818,o
818,c
818,g
818,ac
818,e
819,s
819,aa
819,i
819,j
819,ab
819,z
819,o
819,p
819,a
819,w
819,c
819,g
819,e
819,ac
820,c
820,g
820,l
820,d
820,k
820,v
820,ae
820,c
820,f
820,ad
820,c
820,f
820,ad
820,c
820,g
820,l
820,k
820,d
820,m
820,y
820,c
820,f
820,ad
820,c
820,g
820,d
820,l
820,k
820,l
820,k
820,d
820,l
820,k
820,d
820,h
820,c
820,f
820,ad
820,c
820,f
820,ad
820,c
820,ad
820,f
820,c
820,f
820,ad
820,c
820,f
820,ad
820,c
820,f
820,ad
820,c
820,g
820,d
820,k
820,l
820,ae
820,v
820,c
820,g
820,e
821,af
821,a
821,q
821,c
821,g
821,e
821,ac
822,z
822,j
822,b
822,i
822,aa
822,ab
822,n
822,t
822,n
822,u
822,aa
822,i
822,ab
822,x
822,q
822,a
822,af
822,c
822,ad
822,f
822,c
822,g
822,ac
822,e
823,a
823,p
823,p
823,p
823,p
823,p
823,w
823,b
823,aa
823,r
823,s
823,z
823,i
823,ab
823,n
823,t
823,n
823,u
823,aa
823,i
823,ab
823,n
823,u
823,aa
823,i
823,ab
823,x
823,a
823,af
823,c
823,f
823,ad
823,c
823,f
823,ad
823,c
823,g
823,d
823,k
823,l
823,h
823,c
823,ad
823,f
823,c
823,g
823,ac
823,e
824,r
824,i
824,s
824,b
824,aa
824,ab
824,n
824,t
824,n
824,u
824,aa
824,i
824,ab
824,x
824,c
824,g
824,e
825,q
825,a
825,af
825,c
825,g
825,d
825,l
825,k
825,h
825,c
825,g
825,e
825,ac
826,a
826,p
826,w
826,s
826,i
826,aa
826,r
826,ab
826,n
826,t
826,n
826,t
826,n
826,t
826,n
826,u
826,aa
826,i
826,ab
826,n
826,t
826,n
826,u
826,i
826,ab
826,aa
826,n
826,u
826,i
826,ab
826,aa
826,n
826,t
826,n
826,u
826,i
826,ab
826,aa
826,o
826,c
826,ad
826,f
826,c
826,f
826,ad
826,c
826,g
826,ac
826,e
827,af
827,q
827,a
827,s
827,q
827,a
827,z
827,s
827,c
827,g
827,k
827,d
827,l
827,ae
827,v
827,c
827,g
827,k
827,l
827,d
827,m
827,y
827,c
827,g
827,e
828,af
828,q
828,a
828,c
828,ad
828,f
828,c
828,f
828,ad
828,c
828,ad
828,f
828,c
828,f
828,ad
828,c
828,ad
828,f
828,c
828,g
828,ac
829,p
829,a
829,w
829,c
829,g
829,ac
830,c
830,g
830,k
830,d
830,l
830,k
830,l
830,d
830,k
830,l
830,d
830,h
830,c
830,g
830,e
831,a
831,af
831,c
831,f
831,ad
831,c
831,ad
831,f
831,c
831,g
831,ac
831,e
832,a
832,af
832,q
832,z
832,aa
832,i
832,r
832,b
832,ab
832,n
832,t
832,n
832,u
832,aa
832,i
832,ab
832,n
832,u
832,i
832,aa
832,ab
832,n
832,t
832,n
832,u
832,aa
832,i
832,ab
832,x
832,aa
832,s
832,j
832,i
832,ab
832,n
832,u
832,i
832,aa
832,ab
832,n
832,u
832,aa
832,i
832,ab
832,o
832,z
832,s
832,b
832,i
832,ab
832,b
832,aa
832,s
832,z
832,j
832,x
832,a
832,q
832,c
832,g
832,k
832,d
832,l
832,m
832,y
832,c
832,g
832,d
832,l
832,k
832,l
832,k
832,d
832,k
832,l
832,d
832,h
832,c
832,ad
832,f
832,c
832,f
832,ad
832,c
832,ad
832,f
832,c
832,ad
832,f
832,c
832,f
832,ad
832,c
832,g
832,e
833,c
833,g
833,ac
833,e
834,a
834,p
834,w
834,z
834,s
834,b
834,s
834,a
834,p
834,p
834,w
834,c
834,g
834,e
834,ac
835,a
835,q
835,af
835,s
835,a
835,p
835,w
835,aa
835,b
835,j
835,i
835,ab
835,x
835,q
835,a
835,af
835,z
835,b
835,s
835,c
835,ad
835,f
835,c
835,ad
835,f
835,c
835,g
835,k
835,l
835,d
835,d
835,l
835,k
835,h
835,c
835,g
835,k
835,d
835,l
835,l
835,k
835,d
835,ae
835,v
835,c
835,f
835,ad
835,c
835,ad
835,f
835,c
835,ad
835,f
835,c
835,f
835,ad
835,c
835,f
835,ad
835,c
835,g
835,e
835,ac
836,s
836,j
836,i
836,aa
836,ab
836,n
836,u
836,i
836,ab
836,aa
836,n
836,t
836,n
836,t
836,n
836,u
836,i
836,aa
836,ab
836,o
836,a
836,p
836,p
836,p
836,p
836,w
836,b
836,af
836,q
836,a
836,i
836,j
836,z
836,aa
836,s
836,ab
836,n
836,u
836,i
836,aa
836,ab
836,x
836,af
836,a
836,c
836,ad
836,f
836,c
836,f
836,ad
836,c
836,f
836,ad
836,c
836,g
836,k
836,d
836,l
836,d
836,k
836,l
836,k
836,l
836,d
836,l
836,k
836,d
836,k
836,l
836,d
836,h
836,c
836,g
836,ac
837,c
837,g
837,ac
838,aa
838,r
838,i
838,ab
838,z
838,o
838,c
838,f
838,ad
838,c
838,ad
838,f
838,c
838,g
838,l
838,k
838,d
838,d
838,k
838,l
838,k
838,d
838,l
838,l
838,d
838,k
838,l
838,k
838,d
838,ae
838,v
838,c
838,g
838,d
838,k
838,l
838,h
838,c
838,g
838,ac
839,p
839,a
839,p
839,w
839,z
839,i
839,b
839,s
839,r
839,aa
839,ab
839,n
839,t
839,n
839,t
839,n
839,u
839,i
839,aa
839,ab
839,n
839,u
839,i
839,aa
839,ab
839,n
839,u
839,aa
839,i
839,ab
839,x
839,a
839,p
839,p
839,p
839,w
839,c
839,g
839,e
840,a
840,p
840,w
840,z
840,r
840,b
840,aa
840,i
840,ab
840,n
840,u
840,aa
840,i
840,ab
840,x
840,c
840,f
840,ad
840,c
840,g
840,e
840,ac
841,c
841,ad
841,f
841,c
841,f
841,ad
841,c
841,f
841,ad
841,c
841,ad
841,f
841,c
841,g
841,d
841,k
841,l
841,h
841,c
841,f
841,ad
841,c
841,ad
841,f
841,c
841,ad
841,f
841,c
841,g
841,e
841,ac
842,c
842,f
842,ad
842,c
842,f
842,ad
842,c
842,f
842,ad
842,c
842,g
842,e
842,ac
843,p
843,a
843,p
843,p
843,p
843,w
843,c
843,ad
843,f
843,c
843,g
843,e
843,ac
844,aa
844,r
844,i
844,ab
844,x
844,a
844,p
844,w
844,c
844,ad
844,f
844,c
844,g
844,ac
844,e
845,a
845,p
845,p
845,w
845,c
845,f
845,ad
845,c
845,g
845,k
845,d
845,l
845,k
845,l
845,d
845,d
845,l
845,k
845,l
845,d
845,k
845,d
845,k
845,l
845,d
845,l
845,k
845,h
845,c
845,ad
845,f
845,c
845,ad
845,f
845,c
845,g
845,ac
845,e
846,c
846,ad
846,f
846,c
846,ad
846,f
846,c
846,ad
846,f
846,c
846,ad
846,f
846,c
846,ad
846,f
846,c
846,ad
846,f
846,c
846,ad
846,f
846,c
846,f
846,ad
846,c
846,f
846,ad
846,c
846,g
846,ac
847,aa
847,i
847,j
847,z
847,s
847,ab
847,o
847,af
847,a
847,q
847,c
847,g
847,ac
847,e
848,s
848,b
848,z
848,i
848,z
848,aa
848,j
848,ab
848,n
848,t
848,n
848,u
848,aa
848,i
848,ab
848,n
848,t
848,n
848,u
848,aa
848,i
848,ab
848,o
848,p
848,a
848,p
848,w
848,i
848,j
848,aa
848,ab
848,b
848,s
848,x
848,s
848,b
848,c
848,f
848,ad
848,c
848,g
848,k
848,l
848,d
848,d
848,l
848,k
848,d
848,l
848,k
848,l
848,d
848,k
848,d
848,k
848,l
848,k
848,d
848,l
848,m
848,y
848,c
848,f
848,ad
848,c
848,g
848,k
848,l
848,d
848,h
848,c
848,g
848,k
848,d
848,l
848,l
848,k
848,d
848,k
848,l
848,d
848,d
848,l
848,k
848,ae
848,v
848,c
848,f
848,ad
848,c
848,ad
848,f
848,c
848,f
848,ad
848,c
848,g
848,ac
848,e
849,af
849,q
849,a
849,c
849,ad
849,f
849,c
849,g
849,ac
849,e
850,c
850,f
850,ad
850,c
850,f
850,ad
850,c
850,f
850,ad
850,c
850,ad
850,f
850,c
850,f
850,ad
850,c
850,f
850,ad
850,c
850,f
850,ad
850,c
850,g
850,e
850,ac
851,af
851,a
851,q
851,c
851,g
851,ac
852,j
852,aa
852,s
852,i
852,ab
852,x
852,s
852,aa
852,r
852,b
852,i
852,ab
852,x
852,af
852,a
852,z
852,s
852,aa
852,i
852,b
852,ab
852,r
852,n
852,t
852,n
852,t
852,n
852,u
852,aa
852,i
852,ab
852,n
852,u
852,i
852,aa
852,ab
852,n
852,t
852,n
852,t
852,n
852,t
852,n
852,u
852,i
852,aa
852,ab
852,o
852,c
852,f
852,ad
852,c
852,g
852,d
852,l
852,k
852,k
852,d
852,l
852,h
852,c
852,ad
852,f
852,c
852,ad
852,f
852,c
852,g
852,e
852,ac
853,z
853,c
853,f
853,ad
853,c
853,f
853,ad
853,c
853,g
853,ac
854,r
854,s
854,b
854,i
854,aa
854,ab
854,x
854,a
854,p
854,w
854,b
854,z
854,c
854,ad
854,f
854,c
854,g
854,k
854,l
854,d
854,m
854,y
854,c
854,g
854,d
854,l
854,k
854,l
854,k
854,d
854,d
854,k
854,l
854,v
854,ae
854,c
854,f
854,ad
854,c
854,ad
854,f
854,c
854,g
854,e
855,af
855,q
855,a
855,c
855,f
855,ad
855,c
855,g
855,e
856,c
856,g
856,l
856,k
856,d
856,h
856,c
856,ad
856,f
856,c
856,f
856,ad
856,c
856,g
856,k
856,l
856,d
856,ae
856,v
856,c
856,g
856,ac
856,e
857,b
857,s
857,z
857,a
857,p
857,p
857,p
857,p
857,p
857,w
857,aa
857,b
857,r
857,z
857,i
857,ab
857,o
857,p
857,a
857,p
857,w
857,s
857,z
857,c
857,g
857,e
858,p
858,a
858,p
858,p
858,w
858,i
858,j
858,aa
858,ab
858,n
858,t
858,n
858,u
858,i
858,ab
858,aa
858,n
858,u
858,aa
858,i
858,ab
858,o
858,a
858,p
858,p
858,p
858,p
858,p
858,p
858,w
858,s
858,b
858,b
858,s
858,c
858,g
858,l
858,d
858,k
858,v
858,ae
858,c
858,g
858,l
858,k
858,d
858,h
858,c
858,g
858,e
859,c
859,g
859,d
859,l
859,k
859,m
859,y
859,c
859,ad
859,f
859,c
859,g
859,l
859,d
859,k
859,k
859,l
859,d
859,l
859,k
859,d
859,h
859,c
859,ad
859,f
859,c
859,ad
859,f
859,c
859,ad
859,f
859,c
859,g
859,l
859,k
859,d
859,l
859,k
859,d
859,d
859,l
859,k
859,k
859,d
859,l
859,l
859,d
859,k
859,ae
859,v
859,c
859,g
859,ac
859,e
860,c
860,g
860,l
860,d
860,k
860,k
860,l
860,d
860,l
860,d
860,k
860,d
860,k
860,l
860,d
860,k
860,l
860,l
860,d
860,k
860,l
860,k
860,d
860,l
860,k
860,d
860,d
860,l
860,k
860,h
860,c
860,g
860,k
860,l
860,d
860,ae
860,v
860,c
860,g
860,l
860,k
860,d
860,v
860,ae
860,c
860,f
860,ad
860,c
860,ad
860,f
860,c
860,g
860,d
860,k
860,l
860,m
860,y
860,c
860,f
860,ad
860,c
860,g
860,e
860,ac
861,c
861,f
861,ad
861,c
861,ad
861,f
861,c
861,ad
861,f
861,c
861,g
861,l
861,k
861,d
861,k
861,l
861,d
861,ae
861,v
861,c
861,g
861,e
862,c
862,ad
862,f
862,c
862,ad
862,f
862,c
862,ad
862,f
862,c
862,ad
862,f
862,c
862,g
862,l
862,k
862,d
862,h
862,c
862,f
862,ad
862,c
862,f
862,ad
862,c
862,g
862,k
862,d
862,l
862,d
862,k
862,l
862,l
862,d
862,k
862,d
862,l
862,k
862,h
862,c
862,ad
862,f
862,c
862,ad
862,f
862,c
862,g
862,e
863,p
863,a
863,w
863,s
863,b
863,a
863,p
863,p
863,p
863,p
863,w
863,b
863,z
863,s
863,q
863,a
863,af
863,c
863,g
863,ac
864,c
864,f
864,ad
864,c
864,g
864,e
864,ac
865,af
865,a
865,q
865,c
865,ad
865,f
865,c
865,f
865,ad
865,c
865,ad
865,f
865,c
865,g
865,e
865,ac
866,p
866,a
866,p
866,w
866,s
866,b
866,z
866,z
866,q
866,a
866,c
866,g
866,e
866,ac
867,a
867,p
867,p
867,w
867,c
867,f
867,ad
867,c
867,g
867,k
867,d
867,l
867,ae
867,v
867,c
867,g
867,ac
867,e
868,p
868,a
868,p
868,w
868,b
868,z
868,a
868,q
868,j
868,i
868,ab
868,s
868,b
868,aa
868,n
868,t
868,n
868,t
868,n
868,u
868,i
868,ab
868,aa
868,n
868,u
868,i
868,ab
868,aa
868,n
868,u
868,aa
868,i
868,ab
868,o
868,i
868,j
868,aa
868,s
868,ab
868,n
868,t
868,n
868,t
868,n
868,u
868,i
868,aa
868,ab
868,o
868,j
868,z
868,i
868,aa
868,ab
868,n
868,u
868,i
868,ab
868,aa
868,n
868,t
868,n
868,t
868,n
868,t
868,n
868,t
868,n
868,u
868,i
868,aa
868,ab
868,n
868,u
868,aa
868,i
868,ab
868,o
868,a
868,p
868,p
868,w
868,c
868,ad
868,f
868,c
868,g
868,ac
869,af
869,a
869,q
869,aa
869,i
869,r
869,ab
869,b
869,z
869,n
869,u
869,i
869,ab
869,aa
869,n
869,u
869,aa
869,i
869,ab
869,o
869,s
869,c
869,g
869,ac
870,q
870,a
870,z
870,b
870,i
870,j
870,aa
870,ab
870,n
870,u
870,aa
870,i
870,ab
870,n
870,u
870,i
870,aa
870,ab
870,n
870,t
870,n
870,t
870,n
870,t
870,n
870,t
870,n
870,u
870,i
870,aa
870,ab
870,n
870,t
870,n
870,t
870,n
870,u
870,aa
870,i
870,ab
870,x
870,a
870,q
870,af
870,s
870,i
870,ab
870,j
870,aa
870,n
870,u
870,i
870,aa
870,ab
870,n
870,u
870,aa
870,i
870,ab
870,x
870,p
870,a
870,p
870,p
870,p
870,p
870,w
870,c
870,g
870,l
870,d
870,k
870,l
870,k
870,d
870,h
870,c
870,g
870,d
870,l
870,k
870,m
870,y
870,c
870,ad
870,f
870,c
870,g
870,ac
870,e
871,p
871,w
871,a
871,c
871,f
871,ad
871,c
871,ad
871,f
871,c
871,g
871,e
872,a
872,p
872,w
872,c
872,f
872,ad
872,c
872,ad
872,f
872,c
872,ad
872,f
872,c
872,f
872,ad
872,c
872,ad
872,f
872,c
872,g
872,ac
872,e
873,a
873,p
873,p
873,p
873,w
873,c
873,g
873,ac
874,c
874,ad
874,f
874,c
874,g
874,k
874,l
874,d
874,m
874,y
874,c
874,g
874,k
874,l
874,d
874,h
874,c
874,f
874,ad
874,c
874,f
874,ad
874,c
874,f
874,ad
874,c
874,f
874,ad
874,c
874,g
874,d
874,l
874,k
874,l
874,k
874,d
874,l
874,d
874,k
874,ae
874,v
874,c
874,ad
874,f
874,c
874,g
874,e
875,a
875,af
875,c
875,ad
875,f
875,c
875,g
875,k
875,l
875,d
875,h
875,c
875,f
875,ad
875,c
875,g
875,k
875,d
875,l
875,l
875,d
875,k
875,h
875,c
875,f
875,ad
875,c
875,g
875,k
875,d
875,l
875,l
875,d
875,k
875,h
875,c
875,g
875,ac
875,e
876,p
876,a
876,p
876,p
876,p
876,w
876,s
876,b
876,c
876,f
876,ad
876,c
876,ad
876,f
876,c
876,g
876,l
876,d
876,k
876,d
876,k
876,l
876,d
876,l
876,k
876,l
876,k
876,d
876,m
876,y
876,c
876,f
876,ad
876,c
876,f
876,ad
876,c
876,f
876,ad
876,c
876,g
876,k
876,d
876,l
876,k
876,d
876,l
876,h
876,c
876,g
876,d
876,k
876,l
876,m
876,y
876,c
876,ad
876,f
876,c
876,ad
876,f
876,c
876,g
876,k
876,d
876,l
876,k
876,l
876,d
876,h
876,c
876,g
876,e
877,p
877,a
877,p
877,w
877,c
877,f
877,ad
877,c
877,g
877,k
877,d
877,l
877,l
877,d
877,k
877,m
877,y
877,c
877,f
877,ad
877,c
877,f
877,ad
877,c
877,ad
877,f
877,c
877,g
877,l
877,d
877,k
877,k
877,l
877,d
877,v
877,ae
877,c
877,g
877,l
877,k
877,d
877,l
877,d
877,k
877,k
877,l
877,d
877,m
877,y
877,c
877,g
877,ac
878,a
878,p
878,w
878,b
878,j
878,aa
878,i
878,ab
878,o
878,a
878,p
878,w
878,c
878,f
878,ad
878,c
878,f
878,ad
878,c
878,ad
878,f
878,c
878,f
878,ad
878,c
878,g
878,e
878,ac
879,af
879,q
879,a
879,c
879,f
879,ad
879,c
879,ad
879,f
879,c
879,g
879,k
879,l
879,d
879,k
879,l
879,d
879,v
879,ae
879,c
879,g
879,k
879,l
879,d
879,d
879,l
879,k
879,m
879,y
879,c
879,g
879,k
879,d
879,l
879,v
879,ae
879,c
879,f
879,ad
879,c
879,f
879,ad
879,c
879,ad
879,f
879,c
879,f
879,ad
879,c
879,f
879,ad
879,c
879,f
879,ad
879,c
879,ad
879,f
879,c
879,g
879,d
879,l
879,k
879,l
879,k
879,d
879,h
879,c
879,ad
879,f
879,c
879,f
879,ad
879,c
879,g
879,ac
879,e
880,p
880,a
880,w
880,c
880,g
880,k
880,d
880,l
880,h
880,c
880,ad
880,f
880,c
880,g
880,ac
881,z
881,s
881,a
881,q
881,c
881,f
881,ad
881,c
881,g
881,d
881,k
881,l
881,h
881,c
881,f
881,ad
881,c
881,g
881,ac
882,aa
882,i
882,z
882,j
882,ab
882,b
882,n
882,t
882,n
882,u
882,i
882,aa
882,ab
882,x
882,b
882,s
882,aa
882,i
882,z
882,j
882,ab
882,x
882,a
882,p
882,w
882,c
882,ad
882,f
882,c
882,g
882,d
882,k
882,l
882,k
882,l
882,d
882,l
882,k
882,d
882,h
882,c
882,ad
882,f
882,c
882,g
882,e
883,b
883,s
883,a
883,q
883,af
883,z
883,b
883,j
883,aa
883,i
883,ab
883,s
883,z
883,b
883,n
883,u
883,aa
883,i
883,ab
883,n
883,u
883,aa
883,i
883,ab
883,n
883,t
883,n
883,u
883,i
883,ab
883,aa
883,n
883,u
883,aa
883,i
883,ab
883,o
883,c
883,g
883,d
883,l
883,k
883,l
883,k
883,d
883,l
883,d
883,k
883,k
883,d
883,l
883,h
883,c
883,f
883,ad
883,c
883,g
883,e
884,c
884,g
884,ac
884,e
885,a
885,af
885,b
885,i
885,aa
885,ab
885,z
885,j
885,s
885,n
885,u
885,aa
885,i
885,ab
885,x
885,j
885,aa
885,i
885,ab
885,s
885,o
885,af
885,q
885,a
885,c
885,f
885,ad
885,c
885,ad
885,f
885,c
885,g
885,k
885,l
885,d
885,d
885,l
885,k
885,d
885,k
885,l
885,k
885,l
885,d
885,m
885,y
885,c
885,ad
885,f
885,c
885,f
885,ad
885,c
885,f
885,ad
885,c
885,g
885,e
885,ac
886,a
886,q
886,z
886,r
886,aa
886,b
886,i
886,s
886,ab
886,x
886,af
886,a
886,q
886,c
886,g
886,k
886,d
886,l
886,k
886,l
886,d
886,h
886,c
886,g
886,e
887,i
887,z
887,j
887,ab
887,s
887,aa
887,o
887,a
887,p
887,p
887,w
887,c
887,g
887,ac
888,s
888,z
888,s
888,c
888,f
888,ad
888,c
888,g
888,ac
889,p
889,w
889,a
889,i
889,aa
889,s
889,r
889,ab
889,o
889,af
889,a
889,q
889,s
889,b
889,a
889,p
889,p
889,p
889,w
889,c
889,f
889,ad
889,c
889,ad
889,f
889,c
889,g
889,k
889,d
889,l
889,l
889,k
889,d
889,h
889,c
889,g
889,ac
889,e
890,z
890,i
890,aa
890,b
890,j
890,ab
890,n
890,u
890,aa
890,i
890,ab
890,x
890,s
890,b
890,s
890,i
890,z
890,b
890,aa
890,j
890,ab
890,x
890,z
890,b
890,z
890,aa
890,i
890,r
890,ab
890,o
890,z
890,b
890,c
890,f
890,ad
890,c
890,g
890,ac
890,e
891,c
891,f
891,ad
891,c
891,g
891,d
891,k
891,l
891,l
891,k
891,d
891,d
891,l
891,k
891,h
891,c
891,g
891,l
891,d
891,k
891,v
891,ae
891,c
891,g
891,l
891,d
891,k
891,ae
891,v
891,c
891,f
891,ad
891,c
891,ad
891,f
891,c
891,ad
891,f
891,c
891,g
891,e
891,ac
892,a
892,af
892,q
892,aa
892,r
892,i
892,z
892,b
892,ab
892,o
892,q
892,a
892,af
892,c
892,g
892,e
893,c
893,ad
893,f
893,c
893,g
893,e
893,ac
894,af
894,a
894,q
894,c
894,ad
894,f
894,c
894,ad
894,f
894,c
894,g
894,k
894,l
894,d
894,k
894,d
894,l
894,v
894,ae
894,c
894,f
894,ad
894,c
894,g
894,l
894,d
894,k
894,m
894,y
894,c
894,g
894,k
894,l
894,d
894,ae
894,v
894,c
894,ad
894,f
894,c
894,g
894,k
894,l
894,d
894,k
894,l
894,d
894,h
894,c
894,g
894,e
895,c
895,g
895,l
895,k
895,d
895,d
895,l
895,k
895,l
895,d
895,k
895,l
895,k
895,d
895,d
895,l
895,k
895,v
895,ae
895,c
895,f
895,ad
895,c
895,ad
895,f
895,c
895,ad
895,f
895,c
895,ad
895,f
895,c
895,ad
895,f
895,c
895,ad
895,f
895,c
895,g
895,d
895,k
895,l
895,v
895,ae
895,c
895,g
895,e
895,ac
896,c
896,g
896,l
896,d
896,k
896,ae
896,v
896,c
896,g
896,ac
897,af
897,a
897,b
897,s
897,a
897,q
897,af
897,aa
897,i
897,b
897,s
897,j
897,ab
897,n
897,t
897,n
897,t
897,n
897,t
897,n
897,t
897,n
897,u
897,i
897,ab
897,aa
897,o
897,b
897,s
897,a
897,p
897,p
897,p
897,p
897,w
897,z
897,s
897,b
897,a
897,q
897,j
897,b
897,z
897,i
897,aa
897,ab
897,n
897,t
897,n
897,t
897,n
897,u
897,aa
897,i
897,ab
897,x
897,q
897,a
897,c
897,g
897,d
897,l
897,k
897,l
897,k
897,d
897,h
897,c
897,ad
897,f
897,c
897,g
897,l
897,d
897,k
897,v
897,ae
897,c
897,f
897,ad
897,c
897,f
897,ad
897,c
897,g
897,d
897,k
897,l
897,m
897,y
897,c
897,f
897,ad
897,c
897,f
897,ad
897,c
897,g
897,ac
897,e
898,s
898,b
898,aa
898,i
898,r
898,ab
898,o
898,c
898,g
898,ac
899,q
899,a
899,c
899,f
899,ad
899,c
899,f
899,ad
899,c
899,f
899,ad
899,c
899,f
899,ad
899,c
899,ad
899,f
899,c
899,g
899,ac
899,e
900,c
900,ad
900,f
900,c
900,ad
900,f
900,c
900,g
900,ac
901,a
901,q
901,af
901,c
901,g
901,ac
902,a
902,q
902,c
902,g
902,ac
902,e
903,z
903,b
903,c
903,g
903,d
903,k
903,l
903,v
903,ae
903,c
903,ad
903,f
903,c
903,g
903,e
903,ac
904,a
904,af
904,aa
904,z
904,i
904,b
904,s
904,j
904,ab
904,o
904,c
904,g
904,d
904,l
904,k
904,d
904,l
904,k
904,h
904,c
904,g
904,ac
904,e
905,a
905,p
905,w
905,c
905,f
905,ad
905,c
905,ad
905,f
905,c
905,f
905,ad
905,c
905,f
905,ad
905,c
905,f
905,ad
905,c
905,ad
905,f
905,c
905,g
905,ac
906,c
906,f
906,ad
906,c
906,g
906,l
906,k
906,d
906,ae
906,v
906,c
906,f
906,ad
906,c
906,g
906,d
906,k
906,l
906,l
906,k
906,d
906,l
906,k
906,d
906,v
906,ae
906,c
906,ad
906,f
906,c
906,f
906,ad
906,c
906,g
906,l
906,d
906,k
906,v
906,ae
906,c
906,g
906,ac
906,e
907,p
907,a
907,p
907,w
907,c
907,g
907,e
908,r
908,aa
908,z
908,b
908,i
908,s
908,ab
908,n
908,u
908,aa
908,i
908,ab
908,n
908,u
908,aa
908,i
908,ab
908,n
908,u
908,i
908,aa
908,ab
908,n
908,u
908,aa
908,i
908,ab
908,n
908,u
908,aa
908,i
908,ab
908,n
908,u
908,aa
908,i
908,ab
908,o
908,c
908,ad
908,f
908,c
908,g
908,e
909,b
909,z
909,c
909,ad
909,f
909,c
909,g
909,e
909,ac
910,a
910,q
910,af
910,s
910,b
910,aa
910,b
910,i
910,r
910,ab
910,n
910,u
910,aa
910,i
910,ab
910,o
910,af
910,q
910,a
910,c
910,g
910,d
910,l
910,k
910,h
910,c
910,f
910,ad
910,c
910,g
910,ac
911,a
911,q
911,c
911,f
911,ad
911,c
911,f
911,ad
911,c
911,g
911,e
911,ac
912,c
912,g
912,e
912,ac
913,z
913,s
913,b
913,z
913,r
913,i
913,ab
913,z
913,aa
913,s
913,n
913,t
913,n
913,t
913,n
913,u
913,aa
913,i
913,ab
913,n
913,u
913,aa
913,i
913,ab
913,x
913,r
913,i
913,aa
913,ab
913,n
913,t
913,n
913,t
913,n
913,t
913,n
913,u
913,i
913,aa
913,ab
913,o
913,c
913,g
913,d
913,l
913,k
913,d
913,k
913,l
913,h
913,c
913,f
913,ad
913,c
913,g
913,ac
914,a
914,q
914,af
914,c
914,ad
914,f
914,c
914,g
914,ac
914,e
915,z
915,s
915,p
915,a
915,w
915,c
915,f
915,ad
915,c
915,f
915,ad
915,c
915,f
915,ad
915,c
915,ad
915,f
915,c
915,ad
915,f
915,c
915,g
915,d
915,l
915,k
915,d
915,k
915,l
915,ae
915,v
915,c
915,f
915,ad
915,c
915,ad
915,f
915,c
915,f
915,ad
915,c
915,g
915,d
915,l
915,k
915,h
915,c
915,g
915,e
916,a
916,q
916,af
916,c
916,ad
916,f
916,c
916,f
916,ad
916,c
916,ad
916,f
916,c
916,g
916,e
916,ac
917,r
917,i
917,b
917,aa
917,ab
917,x
917,q
917,a
917,c
917,g
917,e
917,ac
918,a
918,p
918,w
918,aa
918,z
918,i
918,b
918,j
918,ab
918,o
918,p
918,w
918,a
918,s
918,b
918,a
918,q
918,c
918,f
918,ad
918,c
918,ad
918,f
918,c
918,f
918,ad
918,c
918,ad
918,f
918,c
918,g
918,l
918,k
918,d
918,v
918,ae
918,c
918,g
918,l
918,d
918,k
918,d
918,l
918,k
918,l
918,k
918,d
918,d
918,k
918,l
918,m
918,y
918,c
918,g
918,d
918,l
918,k
918,m
918,y
918,c
918,g
918,ac
918,e
919,a
919,q
919,b
919,i
919,r
919,ab
919,aa
919,o
919,a
919,q
919,c
919,g
919,k
919,d
919,l
919,h
919,c
919,g
919,e
920,q
920,a
920,c
920,f
920,ad
920,c
920,g
920,ac
921,aa
921,b
921,i
921,z
921,ab
921,r
921,s
921,x
921,p
921,w
921,a
921,b
921,p
921,a
921,w
921,i
921,ab
921,j
921,aa
921,x
921,a
921,p
921,p
921,p
921,w
921,i
921,aa
921,r
921,s
921,ab
921,n
921,u
921,i
921,aa
921,ab
921,x
921,a
921,af
921,q
921,c
921,ad
921,f
921,c
921,f
921,ad
921,c
921,f
921,ad
921,c
921,g
921,e
921,ac
922,p
922,a
922,p
922,w
922,c
922,ad
922,f
922,c
922,g
922,d
922,k
922,l
922,h
922,c
922,g
922,k
922,d
922,l
922,m
922,y
922,c
922,g
922,d
922,k
922,l
922,l
922,k
922,d
922,k
922,d
922,l
922,d
922,l
922,k
922,l
922,d
922,k
922,v
922,ae
922,c
922,f
922,ad
922,c
922,f
922,ad
922,c
922,g
922,k
922,l
922,d
922,l
922,d
922,k
922,d
922,l
922,k
922,m
922,y
922,c
922,g
922,e
923,af
923,a
923,q
923,c
923,g
923,ac
923,e
924,a
924,p
924,p
924,w
924,b
924,i
924,r
924,s
924,aa
924,ab
924,o
924,p
924,w
924,a
924,c
924,g
924,d
924,k
924,l
924,m
924,y
924,c
924,ad
924,f
924,c
924,g
924,ac
924,e
925,c
925,g
925,e
926,af
926,q
926,a
926,s
926,q
926,a
926,c
926,f
926,ad
926,c
926,g
926,ac
927,p
927,a
927,w
927,c
927,f
927,ad
927,c
927,f
927,ad
927,c
927,f
927,ad
927,c
927,ad
927,f
927,c
927,f
927,ad
927,c
927,g
927,ac
928,c
928,f
928,ad
928,c
928,g
928,e
928,ac
929,c
929,ad
929,f
929,c
929,f
929,ad
929,c
929,ad
929,f
929,c
929,g
929,ac
929,e
930,c
930,f
930,ad
930,c
930,g
930,d
930,k
930,l
930,h
930,c
930,ad
930,f
930,c
930,g
930,ac
930,e
931,p
931,a
931,p
931,w
931,b
931,s
931,s
931,b
931,c
931,g
931,k
931,l
931,d
931,h
931,c
931,g
931,k
931,l
931,d
931,l
931,k
931,d
931,k
931,d
931,l
931,l
931,k
931,d
931,h
931,c
931,g
931,k
931,d
931,l
931,d
931,k
931,l
931,v
931,ae
931,c
931,f
931,ad
931,c
931,f
931,ad
931,c
931,g
931,ac
932,b
932,j
932,i
932,s
932,aa
932,z
932,ab
932,x
932,af
932,a
932,q
932,r
932,aa
932,b
932,z
932,i
932,ab
932,x
932,q
932,a
932,c
932,g
932,ac
932,e
933,s
933,r
933,aa
933,z
933,i
933,b
933,ab
933,o
933,c
933,ad
933,f
933,c
933,g
933,e
933,ac
934,c
934,g
934,ac
935,c
935,g
935,k
935,l
935,d
935,l
935,k
935,d
935,k
935,l
935,d
935,k
935,l
935,d
935,m
935,y
935,c
935,g
935,k
935,d
935,l
935,v
935,ae
935,c
935,g
935,ac
936,p
936,a
936,w
936,j
936,aa
936,i
936,ab
936,n
936,u
936,i
936,ab
936,aa
936,o
936,b
936,c
936,g
936,ac
936,e
937,aa
937,j
937,i
937,b
937,ab
937,x
937,q
937,a
937,af
937,c
937,ad
937,f
937,c
937,g
937,l
937,k
937,d
937,m
937,y
937,c
937,ad
937,f
937,c
937,ad
937,f
937,c
937,g
937,k
937,l
937,d
937,d
937,l
937,k
937,l
937,d
937,k
937,l
937,k
937,d
937,d
937,k
937,l
937,m
937,y
937,c
937,g
937,e
937,ac
938,a
938,p
938,p
938,w
938,c
938,ad
938,f
938,c
938,g
938,d
938,k
938,l
938,d
938,k
938,l
938,v
938,ae
938,c
938,f
938,ad
938,c
938,g
938,d
938,l
938,k
938,v
938,ae
938,c
938,g
938,d
938,k
938,l
938,h
938,c
938,f
938,ad
938,c
938,g
938,l
938,d
938,k
938,m
938,y
938,c
938,g
938,l
938,d
938,k
938,v
938,ae
938,c
938,g
938,ac
939,c
939,f
939,ad
939,c
939,g
939,ac
939,e
940,i
940,ab
940,j
940,aa
940,z
940,x
940,s
940,z
940,b
940,af
940,a
940,q
940,b
940,z
940,s
940,i
940,ab
940,aa
940,j
940,n
940,t
940,n
940,t
940,n
940,t
940,n
940,u
940,i
940,aa
940,ab
940,o
940,c
940,g
940,k
940,l
940,d
940,k
940,d
940,l
940,d
940,k
940,l
940,ae
940,v
940,c
940,g
940,e
941,q
941,a
941,af
941,c
941,ad
941,f
941,c
941,g
941,e
942,q
942,a
942,z
942,b
942,z
942,af
942,q
942,a
942,c
942,ad
942,f
942,c
942,ad
942,f
942,c
942,f
942,ad
942,c
942,f
942,ad
942,c
942,g
942,d
942,l
942,k
942,v
942,ae
942,c
942,f
942,ad
942,c
942,g
942,e
943,c
943,f
943,ad
943,c
943,ad
943,f
943,c
943,f
943,ad
943,c
943,g
943,e
943,ac
944,p
944,a
944,p
944,p
944,p
944,p
944,p
944,w
944,b
944,r
944,i
944,aa
944,z
944,s
944,ab
944,n
944,u
944,i
944,aa
944,ab
944,o
944,c
944,ad
944,f
944,c
944,g
944,d
944,k
944,l
944,d
944,l
944,k
944,h
944,c
944,g
944,d
944,l
944,k
944,h
944,c
944,f
944,ad
944,c
944,ad
944,f
944,c
944,g
944,l
944,d
944,k
944,l
944,d
944,k
944,k
944,l
944,d
944,h
944,c
944,ad
944,f
944,c
944,g
944,ac
944,e
945,c
945,g
945,l
945,k
945,d
945,h
945,c
945,g
945,l
945,k
945,d
945,h
945,c
945,f
945,ad
945,c
945,f
945,ad
945,c
945,g
945,e
946,a
946,af
946,q
946,b
946,aa
946,s
946,j
946,i
946,ab
946,o
946,i
946,r
946,aa
946,z
946,ab
946,s
946,o
946,af
946,a
946,b
946,z
946,s
946,a
946,af
946,q
946,r
946,aa
946,s
946,i
946,ab
946,x
946,s
946,aa
946,b
946,j
946,i
946,ab
946,n
946,u
946,aa
946,i
946,ab
946,n
946,u
946,i
946,aa
946,ab
946,n
946,t
946,n
946,t
946,n
946,t
946,n
946,u
946,aa
946,i
946,ab
946,o
946,c
946,ad
946,f
946,c
946,g
946,l
946,k
946,d
946,m
946,y
946,c
946,f
946,ad
946,c
946,f
946,ad
946,c
946,f
946,ad
946,c
946,g
946,k
946,l
946,d
946,k
946,d
946,l
946,v
946,ae
946,c
946,f
946,ad
946,c
946,g
946,k
946,d
946,l
946,ae
946,v
946,c
946,g
946,ac
947,p
947,a
947,p
947,p
947,p
947,w
947,c
947,g
947,k
947,l
947,d
947,v
947,ae
947,c
947,ad
947,f
947,c
947,g
947,l
947,k
947,d
947,l
947,k
947,d
947,k
947,l
947,d
947,m
947,y
947,c
947,f
947,ad
947,c
947,ad
947,f
947,c
947,g
947,ac
948,q
948,a
948,c
948,g
948,d
948,l
948,k
948,l
948,d
948,k
948,h
948,c
948,f
948,ad
948,c
948,ad
948,f
948,c
948,f
948,ad
948,c
948,g
948,k
948,d
948,l
948,k
948,d
948,l
948,k
948,l
948,d
948,ae
948,v
948,c
948,ad
948,f
948,c
948,ad
948,f
948,c
948,ad
948,f
948,c
948,ad
948,f
948,c
948,ad
948,f
948,c
948,f
948,ad
948,c
948,f
948,ad
948,c
948,g
948,k
948,d
948,l
948,k
948,d
948,l
948,k
948,l
948,d
948,m
948,y
948,c
948,g
948,d
948,l
948,k
948,k
948,d
948,l
948,d
948,l
948,k
948,k
948,l
948,d
948,d
948,l
948,k
948,h
948,c
948,g
948,l
948,k
948,d
948,k
948,d
948,l
948,l
948,d
948,k
948,ae
948,v
948,c
948,f
948,ad
948,c
948,f
948,ad
948,c
948,ad
948,f
948,c
948,ad
948,f
948,c
948,g
948,k
948,l
948,d
948,d
948,k
948,l
948,h
948,c
948,g
948,l
948,d
948,k
948,k
948,l
948,d
948,m
948,y
948,c
948,ad
948,f
948,c
948,ad
948,f
948,c
948,g
948,k
948,l
948,d
948,h
948,c
948,ad
948,f
948,c
948,f
948,ad
948,c
948,g
948,d
948,l
948,k
948,ae
948,v
948,c
948,ad
948,f
948,c
948,f
948,ad
948,c
948,g
948,l
948,k
948,d
948,m
948,y
948,c
948,ad
948,f
948,c
948,ad
948,f
948,c
948,f
948,ad
948,c
948,f
948,ad
948,c
948,g
948,l
948,d
948,k
948,m
948,y
948,c
948,g
948,d
948,k
948,l
948,k
948,l
948,d
948,l
948,k
948,d
948,d
948,l
948,k
948,ae
948,v
948,c
948,ad
948,f
948,c
948,f
948,ad
948,c
948,g
948,ac
948,e
949,p
949,a
949,w
949,c
949,f
949,ad
949,c
949,f
949,ad
949,c
949,ad
949,f
949,c
949,ad
949,f
949,c
949,ad
949,f
949,c
949,g
949,ac
950,aa
950,i
950,z
950,r
950,ab
950,s
950,n
950,t
950,n
950,t
950,n
950,u
950,aa
950,i
950,ab
950,n
950,u
950,i
950,aa
950,ab
950,n
950,t
950,n
950,u
950,aa
950,i
950,ab
950,x
950,a
950,af
950,q
950,c
950,g
950,d
950,k
950,l
950,l
950,d
950,k
950,k
950,l
950,d
950,h
950,c
950,g
950,d
950,l
950,k
950,l
950,d
950,k
950,d
950,l
950,k
950,l
950,d
950,k
950,l
950,d
950,k
950,h
950,c
950,g
950,e
951,af
951,a
951,q
951,c
951,g
951,k
951,d
951,l
951,ae
951,v
951,c
951,f
951,ad
951,c
951,g
951,e
951,ac
952,r
952,aa
952,i
952,s
952,ab
952,n
952,t
952,n
952,t
952,n
952,t
952,n
952,t
952,n
952,t
952,n
952,u
952,aa
952,i
952,ab
952,n
952,u
952,aa
952,i
952,ab
952,o
952,b
952,s
952,a
952,p
952,p
952,w
952,c
952,ad
952,f
952,c
952,f
952,ad
952,c
952,f
952,ad
952,c
952,ad
952,f
952,c
952,ad
952,f
952,c
952,f
952,ad
952,c
952,f
952,ad
952,c
952,ad
952,f
952,c
952,f
952,ad
952,c
952,ad
952,f
952,c
952,g
952,ac
952,e
953,a
953,p
953,w
953,j
953,i
953,ab
953,aa
953,s
953,b
953,n
953,t
953,n
953,t
953,n
953,u
953,i
953,aa
953,ab
953,o
953,c
953,f
953,ad
953,c
953,f
953,ad
953,c
953,g
953,k
953,d
953,l
953,m
953,y
953,c
953,ad
953,f
953,c
953,f
953,ad
953,c
953,f
953,ad
953,c
953,ad
953,f
953,c
953,g
953,ac
953,e
954,af
954,a
954,c
954,ad
954,f
954,c
954,g
954,e
954,ac
955,a
955,q
955,b
955,z
955,af
955,a
955,c
955,ad
955,f
955,c
955,ad
955,f
955,c
955,g
955,e
956,a
956,p
956,p
956,p
956,w
956,b
956,aa
956,r
956,i
956,ab
956,n
956,t
956,n
956,u
956,i
956,aa
956,ab
956,n
956,u
956,aa
956,i
956,ab
956,o
956,a
956,q
956,s
956,aa
956,j
956,i
956,ab
956,n
956,t
956,n
956,t
956,n
956,t
956,n
956,u
956,i
956,aa
956,ab
956,n
956,t
956,n
956,u
956,aa
956,i
956,ab
956,n
956,u
956,aa
956,i
956,ab
956,x
956,a
956,p
956,w
956,i
956,z
956,ab
956,aa
956,j
956,n
956,t
956,n
956,t
956,n
956,u
956,i
956,ab
956,aa
956,o
956,aa
956,i
956,s
956,z
956,j
956,ab
956,o
956,c
956,f
956,ad
956,c
956,g
956,ac
957,aa
957,b
957,z
957,j
957,i
957,ab
957,n
957,t
957,n
957,t
957,n
957,t
957,n
957,u
957,i
957,aa
957,ab
957,x
957,a
957,q
957,c
957,f
957,ad
957,c
957,g
957,k
957,d
957,l
957,k
957,l
957,d
957,v
957,ae
957,c
957,ad
957,f
957,c
957,ad
957,f
957,c
957,g
957,ac
957,e
958,af
958,q
958,a
958,s
958,i
958,b
958,r
958,aa
958,z
958,ab
958,x
958,p
958,a
958,p
958,p
958,w
958,c
958,ad
958,f
958,c
958,f
958,ad
958,c
958,g
958,k
958,d
958,l
958,l
958,k
958,d
958,m
958,y
958,c
958,g
958,k
958,l
958,d
958,d
958,l
958,k
958,m
958,y
958,c
958,g
958,e
959,r
959,s
959,i
959,aa
959,b
959,ab
959,n
959,u
959,i
959,aa
959,ab
959,n
959,t
959,n
959,u
959,aa
959,i
959,ab
959,o
959,q
959,af
959,a
959,aa
959,s
959,j
959,i
959,b
959,ab
959,n
959,t
959,n
959,u
959,aa
959,i
959,ab
959,o
959,a
959,p
959,w
959,c
959,f
959,ad
959,c
959,f
959,ad
959,c
959,f
959,ad
959,c
959,ad
959,f
959,c
959,ad
959,f
959,c
959,g
959,ac
960,a
960,p
960,w
960,b
960,s
960,z
960,z
960,aa
960,i
960,s
960,b
960,j
960,ab
960,n
960,t
960,n
960,u
960,i
960,ab
960,aa
960,n
960,u
960,aa
960,i
960,ab
960,o
960,q
960,af
960,a
960,b
960,a
960,af
960,c
960,f
960,ad
960,c
960,ad
960,f
960,c
960,f
960,ad
960,c
960,f
960,ad
960,c
960,f
960,ad
960,c
960,ad
960,f
960,c
960,g
960,e
961,af
961,a
961,q
961,b
961,b
961,i
961,z
961,j
961,ab
961,aa
961,n
961,u
961,aa
961,i
961,ab
961,n
961,t
961,n
961,t
961,n
961,t
961,n
961,u
961,i
961,aa
961,ab
961,n
961,t
961,n
961,u
961,i
961,aa
961,ab
961,n
961,u
961,i
961,aa
961,ab
961,o
961,c
961,g
961,e
961,ac
962,j
962,aa
962,z
962,b
962,i
962,ab
962,o
962,s
962,b
962,c
962,f
962,ad
962,c
962,ad
962,f
962,c
962,g
962,d
962,l
962,k
962,h
962,c
962,f
962,ad
962,c
962,f
962,ad
962,c
962,f
962,ad
962,c
962,f
962,ad
962,c
962,f
962,ad
962,c
962,f
962,ad
962,c
962,g
962,k
962,d
962,l
962,k
962,d
962,l
962,l
962,k
962,d
962,l
962,d
962,k
962,l
962,d
962,k
962,l
962,k
962,d
962,h
962,c
962,f
962,ad
962,c
962,ad
962,f
962,c
962,f
962,ad
962,c
962,g
962,l
962,d
962,k
962,h
962,c
962,f
962,ad
962,c
962,g
962,e
963,j
963,z
963,b
963,aa
963,i
963,ab
963,n
963,u
963,aa
963,i
963,ab
963,n
963,t
963,n
963,t
963,n
963,t
963,n
963,t
963,n
963,u
963,aa
963,i
963,ab
963,n
963,u
963,i
963,aa
963,ab
963,n
963,u
963,i
963,aa
963,ab
963,o
963,c
963,g
963,l
963,d
963,k
963,h
963,c
963,ad
963,f
963,c
963,f
963,ad
963,c
963,ad
963,f
963,c
963,ad
963,f
963,c
963,f
963,ad
963,c
963,g
963,k
963,l
963,d
963,l
963,k
963,d
963,l
963,d
963,k
963,m
963,y
963,c
963,g
963,ac
963,e
964,a
964,p
964,p
964,w
964,s
964,af
964,a
964,aa
964,i
964,r
964,ab
964,x
964,c
964,g
964,ac
964,e
965,af
965,a
965,c
965,f
965,ad
965,c
965,g
965,ac
965,e
966,a
966,q
966,af
966,c
966,g
966,d
966,k
966,l
966,k
966,d
966,l
966,d
966,l
966,k
966,h
966,c
966,g
966,d
966,l
966,k
966,v
966,ae
966,c
966,ad
966,f
966,c
966,g
966,ac
966,e
967,p
967,a
967,p
967,w
967,b
967,z
967,s
967,q
967,a
967,c
967,ad
967,f
967,c
967,g
967,e
968,a
968,af
968,j
968,i
968,b
968,aa
968,ab
968,n
968,u
968,aa
968,i
968,ab
968,n
968,u
968,i
968,ab
968,aa
968,n
968,t
968,n
968,u
968,aa
968,i
968,ab
968,n
968,t
968,n
968,u
968,aa
968,i
968,ab
968,n
968,t
968,n
968,u
968,aa
968,i
968,ab
968,n
968,u
968,i
968,ab
968,aa
968,n
968,t
968,n
968,t
968,n
968,u
968,i
968,ab
968,aa
968,x
968,p
968,a
968,w
968,c
968,ad
968,f
968,c
968,ad
968,f
968,c
968,g
968,d
968,k
968,l
968,d
968,k
968,l
968,m
968,y
968,c
968,g
968,ac
968,e
969,r
969,b
969,aa
969,i
969,ab
969,n
969,t
969,n
969,u
969,aa
969,i
969,ab
969,n
969,u
969,aa
969,i
969,ab
969,o
969,p
969,a
969,p
969,p
969,p
969,p
969,w
969,s
969,z
969,z
969,b
969,c
969,g
969,d
969,l
969,k
969,d
969,k
969,l
969,k
969,d
969,l
969,l
969,k
969,d
969,h
969,c
969,f
969,ad
969,c
969,ad
969,f
969,c
969,g
969,ac
969,e
970,a
970,af
970,b
970,z
970,c
970,ad
970,f
970,c
970,ad
970,f
970,c
970,f
970,ad
970,c
970,g
970,ac
970,e
971,r
971,b
971,s
971,aa
971,z
971,i
971,ab
971,o
971,a
971,q
971,c
971,ad
971,f
971,c
971,g
971,e
971,ac
972,r
972,z
972,aa
972,i
972,ab
972,n
972,u
972,aa
972,i
972,ab
972,n
972,t
972,n
972,t
972,n
972,t
972,n
972,u
972,aa
972,i
972,ab
972,x
972,c
972,g
972,d
972,l
972,k
972,h
972,c
972,g
972,l
972,d
972,k
972,h
972,c
972,f
972,ad
972,c
972,f
972,ad
972,c
972,f
972,ad
972,c
972,ad
972,f
972,c
972,ad
972,f
972,c
972,g
972,ac
973,z
973,aa
973,r
973,i
973,ab
973,x
973,c
973,ad
973,f
973,c
973,g
973,ac
974,a
974,af
974,aa
974,z
974,b
974,s
974,r
974,i
974,ab
974,x
974,a
974,af
974,z
974,b
974,c
974,ad
974,f
974,c
974,ad
974,f
974,c
974,g
974,e
974,ac
975,c
975,f
975,ad
975,c
975,g
975,ac
975,e
976,a
976,p
976,w
976,c
976,f
976,ad
976,c
976,g
976,e
976,ac
977,z
977,q
977,af
977,a
977,z
977,b
977,s
977,a
977,p
977,w
977,c
977,ad
977,f
977,c
977,ad
977,f
977,c
977,g
977,ac
977,e
978,j
978,b
978,i
978,aa
978,ab
978,z
978,n
978,t
978,n
978,t
978,n
978,u
978,i
978,aa
978,ab
978,n
978,t
978,n
978,u
978,aa
978,i
978,ab
978,x
978,c
978,f
978,ad
978,c
978,f
978,ad
978,c
978,ad
978,f
978,c
978,g
978,l
978,d
978,k
978,h
978,c
978,ad
978,f
978,c
978,f
978,ad
978,c
978,g
978,l
978,k
978,d
978,h
978,c
978,g
978,ac
979,p
979,a
979,w
979,c
979,g
979,e
979,ac
980,j
980,aa
980,i
980,ab
980,n
980,t
980,n
980,u
980,i
980,aa
980,ab
980,o
980,aa
980,r
980,i
980,b
980,s
980,z
980,ab
980,n
980,t
980,n
980,u
980,i
980,aa
980,ab
980,n
980,u
980,aa
980,i
980,ab
980,o
980,a
980,p
980,p
980,p
980,w
980,c
980,f
980,ad
980,c
980,g
980,e
981,a
981,p
981,w
981,c
981,ad
981,f
981,c
981,f
981,ad
981,c
981,f
981,ad
981,c
981,g
981,e
981,ac
982,b
982,z
982,c
982,g
982,e
983,af
983,a
983,r
983,i
983,b
983,ab
983,aa
983,n
983,u
983,aa
983,i
983,ab
983,x
983,c
983,ad
983,f
983,c
983,ad
983,f
983,c
983,ad
983,f
983,c
983,f
983,ad
983,c
983,g
983,e
984,s
984,c
984,ad
984,f
984,c
984,ad
984,f
984,c
984,ad
984,f
984,c
984,g
984,l
984,k
984,d
984,l
984,k
984,d
984,ae
984,v
984,c
984,g
984,e
985,b
985,r
985,i
985,z
985,s
985,aa
985,ab
985,o
985,c
985,g
985,ac
986,a
986,p
986,w
986,aa
986,b
986,s
986,j
986,i
986,ab
986,o
986,p
986,a
986,w
986,c
986,g
986,d
986,l
986,k
986,m
986,y
986,c
986,f
986,ad
986,c
986,f
986,ad
986,c
986,ad
986,f
986,c
986,f
986,ad
986,c
986,g
986,e
986,ac
987,c
987,ad
987,f
987,c
987,ad
987,f
987,c
987,g
987,e
988,a
988,p
988,p
988,w
988,c
988,ad
988,f
988,c
988,g
988,ac
988,e
989,q
989,af
989,a
989,c
989,g
989,d
989,k
989,l
989,k
989,d
989,l
989,v
989,ae
989,c
989,ad
989,f
989,c
989,f
989,ad
989,c
989,g
989,ac
990,a
990,q
990,af
990,s
990,b
990,z
990,c
990,ad
990,f
990,c
990,g
990,d
990,k
990,l
990,m
990,y
990,c
990,ad
990,f
990,c
990,ad
990,f
990,c
990,g
990,e
990,ac
991,p
991,a
991,w
991,c
991,f
991,ad
991,c
991,ad
991,f
991,c
991,g
991,e
992,c
992,g
992,e
993,c
993,f
993,ad
993,c
993,ad
993,f
993,c
993,g
993,e
994,b
994,i
994,z
994,j
994,ab
994,s
994,aa
994,x
994,i
994,b
994,ab
994,j
994,aa
994,o
994,p
994,a
994,p
994,w
994,c
994,g
994,ac
994,e
995,a
995,q
995,aa
995,i
995,s
995,r
995,b
995,ab
995,n
995,u
995,i
995,aa
995,ab
995,x
995,z
995,b
995,c
995,g
995,k
995,d
995,l
995,v
995,ae
995,c
995,f
995,ad
995,c
995,g
995,e
996,c
996,g
996,d
996,l
996,k
996,k
996,l
996,d
996,h
996,c
996,g
996,e
996,ac
997,c
997,f
997,ad
997,c
997,f
997,ad
997,c
997,g
997,d
997,k
997,l
997,k
997,d
997,l
997,h
997,c
997,ad
997,f
997,c
997,ad
997,f
997,c
997,g
997,k
997,l
997,d
997,k
997,l
997,d
997,d
997,l
997,k
997,l
997,d
997,k
997,d
997,l
997,k
997,d
997,k
997,l
997,v
997,ae
997,c
997,g
997,e
998,aa
998,i
998,ab
998,b
998,s
998,j
998,x
998,a
998,q
998,c
998,ad
998,f
998,c
998,g
998,d
998,l
998,k
998,k
998,l
998,d
998,k
998,l
998,d
998,k
998,l
998,d
998,m
998,y
998,c
998,ad
998,f
998,c
998,g
998,k
998,l
998,d
998,v
998,ae
998,c
998,g
998,d
998,l
998,k
998,h
998,c
998,g
998,d
998,l
998,k
998,k
998,l
998,d
998,h
998,c
998,ad
998,f
998,c
998,g
998,d
998,l
998,k
998,l
998,k
998,d
998,m
998,y
998,c
998,ad
998,f
998,c
998,ad
998,f
998,c
998,f
998,ad
998,c
998,ad
998,f
998,c
998,g
998,k
998,l
998,d
998,d
998,k
998,l
998,h
998,c
998,ad
998,f
998,c
998,f
998,ad
998,c
998,ad
998,f
998,c
998,ad
998,f
998,c
998,ad
998,f
998,c
998,g
998,e
999,s
999,i
999,aa
999,j
999,b
999,ab
999,n
999,u
999,aa
999,i
999,ab
999,x
999,b
999,z
999,q
999,af
999,a
999,c
999,g
999,ac
1000,c
1000,ad
1000,f
1000,c
1000,ad
1000,f
1000,c
1000,ad
1000,f
1000,c
1000,ad
1000,f
1000,c
1000,g
1000,e
